[ 0.03108588  0.0256762   0.00714963  0.01708781 -0.09674097  0.01390622
 -0.09455849  0.00828532  0.0426523  -0.0081375   0.0505959  -0.00076531
  0.02100405  0.04022774  0.03290262  0.01442539 -0.07002879 -0.13871223
 -0.04601053  0.02678508 -0.06295843 -0.1144128 ] iters[-0.00196183  0.00890927 -0.01559818  0.00656452 -0.01409281  0.00824117
 -0.08384996  0.01314105  0.04062752 -0.01235468  0.04427714 -0.00488471
  0.01627967  0.04435503  0.03715696  0.01637601 -0.08756146 -0.15404787
 -0.04854326  0.00250598 -0.04993308 -0.10942871] iters[-0.00196183  0.00890927 -0.01559818  0.00656452 -0.01409281  0.00824117
 -0.08384996  0.01314105  0.04062752 -0.01235468  0.04427714 -0.00488471
  0.01627967  0.04435503  0.03715696  0.01637601 -0.08756146 -0.15404787
 -0.04854326  0.00250598 -0.04993308 -0.10942871] iters[-0.00196183  0.00890927 -0.01559818  0.00656452 -0.01409281  0.00824117
 -0.08384996  0.01314105  0.04062752 -0.01235468  0.04427714 -0.00488471
  0.01627967  0.04435503  0.03715696  0.01637601 -0.08756146 -0.15404787
 -0.04854326  0.00250598 -0.04993308 -0.10942871] iters[ 0.04661095  0.03131424 -0.01623461  0.01427629 -0.06544404  0.01538842
 -0.09504562  0.01339844  0.05276363 -0.0033712   0.05055987 -0.01561614
  0.02260675  0.04591862  0.04682674  0.01510331 -0.06813304 -0.14502076
 -0.04585218  0.02645439 -0.04468005 -0.09886775] iters[ 0.04182251  0.03109645 -0.00928122  0.0203337  -0.05762972  0.01330428
 -0.09388957  0.01377611  0.04897504 -0.00599067  0.05555617 -0.01981999
  0.03133633  0.04727853  0.04607498  0.01671985 -0.07042491 -0.15644964
 -0.04543356  0.03727955 -0.04246156 -0.09660486] iters[ 0.04182251  0.03109645 -0.00928122  0.0203337  -0.05762972  0.01330428
 -0.09388957  0.01377611  0.04897504 -0.00599067  0.05555617 -0.01981999
  0.03133633  0.04727853  0.04607498  0.01671985 -0.07042491 -0.15644964
 -0.04543356  0.03727955 -0.04246156 -0.09660486] iters[ 0.03455461  0.03062615 -0.01575178  0.02122157 -0.05440588  0.03554748
 -0.09298459  0.01652068  0.04966815  0.01749891  0.0637509  -0.0088987
  0.03677366  0.04703077  0.04290904  0.0087065  -0.06921683 -0.15430895
 -0.04003048  0.03921417 -0.0416765  -0.05560499] iters[ 0.03455461  0.03062615 -0.01575178  0.02122157 -0.05440588  0.03554748
 -0.09298459  0.01652068  0.04966815  0.01749891  0.0637509  -0.0088987
  0.03677366  0.04703077  0.04290904  0.0087065  -0.06921683 -0.15430895
 -0.04003048  0.03921417 -0.0416765  -0.05560499] iters[ 0.03459563  0.02338717 -0.01714426  0.01959235 -0.05310087  0.03838066
 -0.08910298  0.01494799  0.0454776   0.00679817  0.05261271 -0.00737783
  0.03340775  0.04602597  0.04224355  0.0067283  -0.06679838 -0.14662872
 -0.03913218  0.03807968 -0.03996591 -0.077344  ] iters[ 0.03411958  0.02400233 -0.01808322  0.02085916 -0.05555387  0.01040628
 -0.09034849  0.02561318  0.04770773  0.00994272  0.05418627 -0.00671879
  0.03401942  0.04564102  0.04357225  0.00491564 -0.06621879 -0.14594793
 -0.03767283  0.03881364 -0.04725518 -0.07650688] iters[ 0.05011562  0.03372727 -0.01106868  0.03236058 -0.05682808  0.02545624
 -0.09814013  0.01316676  0.04696132  0.00675324  0.05340874 -0.01017339
  0.02954904  0.04643147  0.04181172  0.00596029 -0.06473088 -0.14489274
 -0.04000144  0.03881499 -0.03088438 -0.05175442] iters[ 0.0649765   0.04654051 -0.01645098  0.02877366 -0.06378141  0.06101528
 -0.08828063  0.01488342  0.04501242 -0.00156462  0.04829228 -0.01169228
  0.02861656  0.04425828  0.047239    0.01667394 -0.05991414 -0.15395028
 -0.04425393  0.04908097 -0.01397554 -0.05709058] iters[ 0.03969793  0.02361226 -0.01610968  0.02135346 -0.05371894  0.00849982
 -0.09014409  0.03042635  0.04080171 -0.01378543  0.04126975  0.00039839
  0.03514628  0.04827148  0.04333369  0.01117295 -0.06674365 -0.15035206
 -0.0371417   0.04262367 -0.00632946 -0.0493937 ] iters[ 0.04052371  0.02392704 -0.01724211  0.01871678 -0.06724386  0.03240604
 -0.08967825  0.0294153   0.04103934 -0.00768739  0.04398561 -0.00240086
  0.03395231  0.04751849  0.03448331 -0.00775193 -0.06649275 -0.15015639
 -0.03639547  0.04289689 -0.01609468 -0.0567899 ] iters[ 0.04269914  0.02518168 -0.01997452  0.02155738 -0.05451756  0.01814151
 -0.09922017  0.04284573  0.04298374 -0.00445577  0.04973357  0.00054622
  0.02565442  0.0489334   0.03332302  0.00834995 -0.06479879 -0.15113773
 -0.0364048   0.0452732  -0.02224425 -0.04678519] iters[ 0.03771266  0.02446564 -0.0150668   0.01440543 -0.07401752 -0.01312269
 -0.09844355  0.02780167  0.04009281 -0.0111999   0.04826766  0.01351401
  0.02391045  0.04067769  0.03174031  0.00110272 -0.06635893 -0.14919192
 -0.03898186  0.04152109 -0.01636868 -0.06049527] iters[ 0.04648327  0.024374   -0.01063709  0.01178326 -0.07437293 -0.01936784
 -0.09805578  0.03657718  0.03727108 -0.01463753  0.05004116  0.01503438
  0.02144855  0.04929413  0.02655715  0.0014484  -0.06634539 -0.16616011
 -0.03886673  0.04538038 -0.01463138 -0.04318227] iters[ 0.03957425  0.0261821  -0.01006421  0.01210864 -0.07563958 -0.02263383
 -0.09790429  0.0376928   0.03692647 -0.0178396   0.04983651  0.01574098
  0.02113389  0.04917134  0.03404623 -0.0027706  -0.05782354 -0.15019192
 -0.0345493   0.04595253 -0.01249174 -0.04297532] iters[ 0.03573946  0.02422703 -0.01454755  0.01223986 -0.07679828 -0.0234908
 -0.09837838  0.04430651  0.0352559  -0.01804295  0.04736183  0.03072093
  0.02080428  0.04963148  0.03142348 -0.00784441 -0.06506795 -0.1512984
 -0.03152172  0.04692987 -0.010166   -0.04453996] iters[ 0.05060931  0.02966079 -0.01435126  0.01030446 -0.08161011 -0.03555768
 -0.09911991  0.04724968  0.03431471 -0.01896133  0.05006083  0.03342471
  0.01990469  0.0480589   0.02956044 -0.00130072 -0.0571655  -0.15512652
 -0.03923936  0.04719636 -0.00975362 -0.04655186] iters[ 0.0494403   0.02916668 -0.008207    0.00990104 -0.07976771 -0.03232566
 -0.09896696  0.04902379  0.03537152 -0.01876752  0.04987098  0.03397606
  0.01927901  0.04815302  0.02806109 -0.00130753 -0.05902233 -0.15417356
 -0.03763137  0.04758639 -0.00701899 -0.04818765] iters[ 0.0494403   0.02916668 -0.008207    0.00990104 -0.07976771 -0.03232566
 -0.09896696  0.04902379  0.03537152 -0.01876752  0.04987098  0.03397606
  0.01927901  0.04815302  0.02806109 -0.00130753 -0.05902233 -0.15417356
 -0.03763137  0.04758639 -0.00701899 -0.04818765] iters[ 0.04958777  0.02917524 -0.00779712  0.01436649 -0.08503601 -0.03472637
 -0.09940301  0.04898103  0.03412058 -0.01764719  0.05153848  0.0347914
  0.02051607  0.04617123  0.03138007 -0.00032028 -0.06348349 -0.15007863
 -0.03647937  0.04802952 -0.00693608 -0.05130517] iters[ 0.04995546  0.02878598 -0.00712323  0.01510955 -0.08778622 -0.05025517
 -0.09904944  0.04936974  0.03271384 -0.01814827  0.05167898  0.03520765
  0.02111619  0.04719428  0.03002022 -0.00058276 -0.05902952 -0.14813571
 -0.03774783  0.04783216 -0.0081694  -0.04824031] iters[ 0.04995546  0.02878598 -0.00712323  0.01510955 -0.08778622 -0.05025517
 -0.09904944  0.04936974  0.03271384 -0.01814827  0.05167898  0.03520765
  0.02111619  0.04719428  0.03002022 -0.00058276 -0.05902952 -0.14813571
 -0.03774783  0.04783216 -0.0081694  -0.04824031] iters