C:\Users\mohsy\AppData\Local\Programs\Python\Python38-32\python.exe "C:\Users\mohsy\University\KLM\Thesis\My thesis\Code\GSP_python_mohamed\Nozzle_corrections_optimization.py" 
Loading API and model . . .
Loading C:/Users/mohsy/University/KLM/Thesis/My thesis/Code/GSP_python_mohamed/GSP_files/OffDesignGEnx Nozzles.mxl
Loading Complete
(15, 9)
[0. 0. 0. 0. 0. 0. 0. 0.] evals
0.04118041508587484 rms
(15, 9)
[-0.47242806 -0.79410299 -0.27369488  0.75152126 -0.81847268 -0.93985271
 -0.81285888  0.0315316 ] evals
0.04118041508580012 rms
(15, 9)
[ 0.06699891  0.28200287  0.28373312 -0.69626556  0.05272601 -0.0087585
  0.07151629  0.09960825] evals
0.04927771511106281 rms
(15, 9)
[ 0.52765103  0.08688183  0.6496126  -0.00174947  0.85884752  0.10446988
 -0.51426329  0.28259604] evals
0.04459632051081412 rms
(15, 9)
[-0.90095767 -0.33983625  0.85813047 -0.48658168  0.91702524 -0.06334564
  0.97666907 -0.09226238] evals
0.07447403686913787 rms
(15, 9)
[-0.00176727  0.63003262  0.2356474   0.33486874  0.18031899 -0.65759018
 -0.74015628  0.78798428] evals
0.04327765087521002 rms
(15, 9)
[ 0.38579923  0.52132006 -0.18065883 -0.4029125   0.59373259 -0.86868241
  0.79559558 -0.15561269] evals
0.06875471171133687 rms
(15, 9)
[ 0.25775497  0.42725753 -0.79541231 -0.61430793 -0.95430187  0.93084317
  0.0473849  -0.72322429] evals
0.06743516552512492 rms
(15, 9)
[ 0.85037685  0.47906166  0.15747534  0.97821854  0.49628611 -0.24278669
  0.83824305  0.41521333] evals
0.06782806637280586 rms
(15, 9)
[-0.77511829 -0.82222265 -0.63249725 -0.19759599 -0.56938081 -0.93326573
 -0.26941081  0.95614193] evals
0.04118041508586059 rms
(15, 9)
[-0.35767574  0.00817323  0.60131753  0.61764341  0.33134827 -0.80007431
 -0.31595091 -0.84929547] evals
0.06635507412458415 rms
(15, 9)
[ 0.88021476  0.71592942 -0.35452895  0.84046111  0.98082944  0.48735135
 -0.624998    0.47180703] evals
0.04118041508586059 rms
(15, 9)
[ 0.67878982 -0.58091645 -0.88943331  0.26290853  0.38837956  0.50421648
 -0.00587663  0.8875602 ] evals
0.04118041508586059 rms
(15, 9)
[ 0.13892416  0.89125626  0.46034081  0.13570806 -0.14227716  0.84643459
  0.28969295  0.69002611] evals
0.04652736079602931 rms
(15, 9)
[ 0.2272873  -0.18144121  0.50441695 -0.10288257 -0.05134901  0.2422746
  0.52872467 -0.98048256] evals
0.07454309838967807 rms
(15, 9)
[-0.93961589  0.56305392  0.79017041  0.47963238 -0.43813375  0.06052644
 -0.17061712  0.23766658] evals
0.044588743050148046 rms
(15, 9)
[-0.13014027 -0.42593324 -0.43428105 -0.30990507  0.21316254 -0.59475545
  0.38443088 -0.93261376] evals
0.06790816128193017 rms
(15, 9)
[ 0.78422877 -0.11909578 -0.58935931 -0.75500424 -0.41562752 -0.42719688
  0.12701188 -0.59132351] evals
0.06772192337713707 rms
(15, 9)
[ 0.36654712 -0.95573393 -0.01890279 -0.15111182 -0.55123882  0.95924096
  0.49635854 -0.3503984 ] evals
0.07020386777351767 rms
(15, 9)
[-0.27619613 -0.92910629 -0.99024465  0.71324207 -0.75269985  0.57918508
  0.61994351 -0.55282651] evals
0.06786284064044634 rms
(15, 9)
[-0.24692861 -0.66696508  0.73094638 -0.5271172  -0.36043879 -0.49793183
  0.21266849 -0.46770155] evals
0.07451376496525029 rms
(15, 9)
[ 0.97186474 -0.49887861 -0.82852005  0.65066058 -0.62887868 -0.74995551
  0.63831886  0.67295779] evals
0.06786154329521246 rms
(15, 9)
[-0.50614865  0.31560052 -0.48342443  0.39697724 -0.19670982  0.71978502
  0.71369133  0.36316462] evals
0.0678492985044684 rms
(15, 9)
[-0.72449098 -0.1876997   0.03521782 -0.91357215 -0.74901248 -0.34396692
 -0.77774532  0.14347422] evals
0.044670233449321244 rms
(15, 9)
[ 0.60073568 -0.71564942  0.93744051 -0.82135964  0.26395925  0.43513783
 -0.09139123  0.60748321] evals
0.04458015652518964 rms
(15, 9)
[-0.82577982 -0.26770349 -0.55559497  0.90376582  0.70773007  0.35967517
 -0.46681522  0.87367135] evals
0.04118041508586059 rms
(15, 9)
[-0.37638133 -0.00252216  0.38664557  0.18875727  0.68208836 -0.28253625
 -0.90932015 -0.21817472] evals
0.04461093529179077 rms
(15, 9)
[ 0.01933653  0.13074355  0.33815419 -0.99506648 -0.25536452  0.75136009
 -0.65297974 -0.26368726] evals
0.04461318409180321 rms
(15, 9)
[-0.6227386  -0.50722048  0.9516798   0.52903276  0.76262673  0.17673324
 -0.42135994 -0.64480312] evals
0.044579868230427255 rms
(15, 9)
[-0.64548532  0.79914784  0.0888999   0.05937085  0.52413836 -0.54882136
  0.34381366 -0.39259851] evals
0.0703979977034381 rms
(15, 9)
[ 0.4720142   0.84137868 -0.11270504 -0.65854102 -0.90598726  0.30096095
 -0.96125006  0.55041722] evals
0.04444015864717668 rms
(15, 9)
[ 0.69609421  0.96111333 -0.2303126  -0.33592278 -0.12103387  0.64943897
 -0.22051047 -0.00822374] evals
0.041082098761762456 rms
(15, 9)
[ 0.69609421  0.80181741 -0.47420844 -0.26382935 -0.01453442  0.78770262
 -0.22212193  0.23515847] evals
0.04118041508586059 rms
(15, 9)
[ 0.55778533  0.87489138 -0.42749279 -0.31889171 -0.22442077 -0.97866329
 -0.81285888 -0.12471561] evals
0.04118041508586059 rms
(15, 9)
[ 0.72399622  0.87349598  0.28373312  0.05966093  0.29348008  0.79222269
 -0.1227843  -0.2243811 ] evals
0.04314008130814693 rms
(15, 9)
[ 0.85567085  0.08688183 -0.28209887 -0.29807811  0.08996954  0.41344945
 -0.51426329 -0.30628489] evals
0.04118041508586059 rms
(15, 9)
[ 0.6336766  -0.11508774 -0.09889688 -0.48658168 -0.0088905   0.61850579
  0.97666907  0.27707613] evals
0.07275393707774502 rms
(15, 9)
[ 0.09111127  0.53698734 -0.16090558 -0.53689486 -0.1002824   0.63014904
 -0.47668249  0.78798428] evals
0.0437544667310783 rms
(15, 9)
[ 0.73680769  0.52132006  0.06713977 -0.27541284  0.02376751  0.23267094
 -0.50285368 -0.34069832] evals
0.044622453299217296 rms
(15, 9)
[ 0.25775497  0.72089613 -0.20209248 -0.30052265 -0.95430187  0.35472409
 -0.43619029 -0.00652185] evals
0.0410845656054882 rms
(15, 9)
[ 0.65751452  0.88948193 -0.29192688 -0.28130996 -0.03257321  0.23701301
  0.83824305  0.41521333] evals
0.06783208890097664 rms
(15, 9)
[-0.77511829 -0.56021539 -0.55443249 -0.57310645 -0.36334674 -0.93326573
 -0.16543456  0.16633579] evals
0.04118041508586059 rms
(15, 9)
[-0.35767574  0.73039479 -0.19940721 -0.15534104  0.33134827  0.566911
  0.04307859 -0.15915632] evals
0.06520708103961276 rms
(15, 9)
[ 0.88021476  0.82271755 -0.07537182 -0.24261418 -0.09894905  0.48735135
 -0.08670452 -0.12521159] evals
0.042192524313257124 rms
(15, 9)
[ 0.17796134  0.88492882 -0.23627956 -0.42772545 -0.258243    0.86373578
 -0.00587663  0.00600807] evals
0.04115746706361086 rms
(15, 9)
[ 0.55989514  0.53019341 -0.3442155  -0.37946625 -0.14227716  0.22331005
 -0.2512027  -0.16787584] evals
0.04118041508586059 rms
(15, 9)
[ 0.57286246  0.88839667 -0.48868897 -0.10288257 -0.05134901  0.82554289
 -0.09916904  0.29117669] evals
0.04118041508586059 rms
(15, 9)
[ 5.66547407e-01  5.63053917e-01 -3.05363809e-01  4.79632384e-01
 -3.45471246e-01  3.91717381e-01 -4.43408460e-01  4.22696949e-04] evals
0.04118041508586059 rms
(15, 9)
[ 0.77894553  0.90881981 -0.26928485 -0.35757029  0.10163538 -0.59475545
 -0.16978412 -0.0524694 ] evals
0.041128051149504324 rms
(15, 9)
[ 0.76984968 -0.54562322 -0.58935931 -0.06991141 -0.07533955 -0.42719688
  0.02055892  0.04574965] evals
0.04113995735823067 rms
(15, 9)
[ 0.36654712 -0.95573393 -0.07279433 -0.49149613 -0.12024455  0.61862388
  0.49635854 -0.08217821] evals
0.07314265624605093 rms
(15, 9)
[ 0.6175486  -0.7885418  -0.99024465 -0.42841993  0.01338349  0.66930246
  0.61994351 -0.16933751] evals
0.06786337930396445 rms
(15, 9)
[ 0.36059937  0.00861935 -0.22640798  0.03437489  0.01570817 -0.49793183
 -0.3109928  -0.35161927] evals
0.04118041508586059 rms
(15, 9)
[ 0.97186474  0.8382799   0.17909992 -0.80897783 -0.62887868 -0.74995551
 -0.11756363  0.67295779] evals
0.04462207622388989 rms
(15, 9)
[ 0.75266894 -0.42236577 -0.35913496 -0.3226976   0.01604335  0.71978502
 -0.38381299  0.36316462] evals
0.04118041508586059 rms
(15, 9)
[ 0.62541396 -0.1876997  -0.17489584 -0.253515   -0.74901248  0.55216835
 -0.10090061 -0.00643535] evals
0.041107680613694866 rms
(15, 9)
[ 0.72019247  0.8757817   0.93744051 -0.25939633  0.0883868   0.62814593
 -0.02580493 -0.20519038] evals
0.06593663529875292 rms
(15, 9)
[ 0.40925289  0.85595657 -0.34024132  0.90376582 -0.30677613  0.35967517
 -0.0561503  -0.17236222] evals
0.04564997195769248 rms
(15, 9)
[ 0.75551664  0.80531357  0.38664557  0.06574722  0.68208836  0.41325977
 -0.25846894  0.02965554] evals
0.044610889784875214 rms
(15, 9)
[-0.43450041  0.07952278 -0.47286663 -0.99506648 -0.32364005  0.66477792
 -0.65297974  0.07516632] evals
0.04181178697194898 rms
(15, 9)
[ 0.76725906 -0.50722048 -0.35034739 -0.51015655 -0.43216378  0.17673324
 -0.13715848 -0.22608913] evals
0.040752647605661114 rms
(15, 9)
[-0.64548532 -0.72804944  0.0888999  -0.52818541  0.52413836 -0.54882136
  0.34381366 -0.23422112] evals
0.07452000121834722 rms
(15, 9)
[ 0.4720142  -0.68066277 -0.43460277 -0.44758985 -0.90598726 -0.05378448
  0.00949773 -0.12955603] evals
0.058875465845819895 rms
(15, 9)
[ 0.          0.         -0.38531282 -0.36730251 -0.42541846 -0.12941056
 -0.49025451 -0.39848676] evals
0.04118041508586059 rms
differential_evolution step 1: f(x)= 0.0407526
[ 0.76725906 -0.50722048 -0.35034739 -0.51015655 -0.43216378  0.17673324
 -0.13715848 -0.22608913] iters
1/20 ||________________________________________________ 5.0% GA is running...(15, 9)
[ 0.58559142 -0.1014683  -0.56195316 -0.16152873 -0.43216378 -0.15274784
 -0.33277514 -0.17166416] evals
0.04118041508586059 rms
(15, 9)
[ 0.79576287 -0.79410299 -0.27369488 -0.1669727  -0.2631561   0.20409826
 -0.81285888  0.0315316 ] evals
0.04118041508586059 rms
(15, 9)
[ 0.80632022 -0.38719698 -0.32771783  0.05966093 -0.36449106  0.25444186
 -0.1227843  -0.2243811 ] evals
0.03943335307700585 rms
(15, 9)
[ 0.74231831 -0.65246883 -0.24863445  0.10104702 -0.34427188 -0.14461434
 -0.51426329 -0.41819796] evals
0.04118041508586059 rms
(15, 9)
[ 0.6336766  -0.11508774 -0.25380168 -0.03367653 -0.3846742   0.61850579
  0.97666907 -0.2887938 ] evals
0.0678138741112012 rms
(15, 9)
[-0.94248587 -0.56411273 -0.29077563  0.20587174 -0.39721331  0.10728585
 -0.74015628 -0.31521613] evals
0.04118041508586059 rms
(15, 9)
[ 0.73680769  0.52132006 -0.31160455  0.23615297 -0.44135981  0.21945806
 -0.27021436 -0.26880738] evals
0.04118041508586059 rms
(15, 9)
[ 0.86005434  0.10261556 -0.69157157  0.19950343 -0.41343521  0.35472409
 -0.14642145 -0.42337106] evals
0.05776245601081767 rms
(15, 9)
[ 0.85037685 -0.12137839 -0.25458255  0.97821854 -0.30340093  0.24981683
  0.00761452 -0.24952501] evals
0.06522751141466823 rms
(15, 9)
[-0.77511829 -0.82515991 -0.55443249 -0.57310645 -0.46877661  0.03787186
 -0.31605579 -0.40722163] evals
0.04118041508586059 rms
(15, 9)
[ 0.6269283  -0.68475281 -0.40725794 -0.0346809  -0.74837352  0.58641402
  0.04307859 -0.15915632] evals
0.06520708103961276 rms
(15, 9)
[ 0.53400871 -0.46087482 -0.5035009   0.28517585 -0.36579554  0.25226218
  0.05115292 -0.34308116] evals
0.06721450279986028 rms
(15, 9)
[ 0.87415139 -0.36719967 -0.35174509  0.43105518 -0.23012956  0.86373578
 -0.09006465 -0.29767788] evals
0.05490645170943807 rms
(15, 9)
[ 0.89534292  0.53019341 -0.39937212  0.10440205 -0.22162306  0.21698452
  0.1256971  -0.45851453] evals
0.06756394459994708 rms
(15, 9)
[ 0.93848896  0.88839667 -0.3362268  -0.10288257 -0.05134901  0.82554289
 -0.05775218  0.29117669] evals
0.04118041508586059 rms
(15, 9)
[ 0.45763738 -0.88321075 -0.51939983  0.02130165 -0.34547125  0.28213171
 -0.44340846 -0.53333023] evals
0.04118041508586059 rms
(15, 9)
[ 0.5828713   0.04972033 -0.31128608 -0.1313823  -0.32258851  0.48252784
 -0.16978412 -0.12752508] evals
0.04118041508586059 rms
(15, 9)
[ 0.37981791 -0.81098298 -0.58935931  0.32030004 -0.07533955  0.19604463
  0.02055892 -0.48538824] evals
0.06723224164715436 rms
(15, 9)
[ 0.86658908 -0.87086983 -0.42339284 -0.15111182 -0.55123882  0.95924096
  0.49635854 -0.3503984 ] evals
0.06788479599258071 rms
(15, 9)
[ 0.31420683 -0.92910629 -0.3964277   0.31417678 -0.04119325  0.57918508
  0.61994351  0.10670541] evals
0.0678637694863972 rms
(15, 9)
[ 0.79839726  0.00861935 -0.35480957  0.0701758  -0.39029891  0.65080418
 -0.18731862 -0.09905848] evals
0.04118041508586059 rms
(15, 9)
[ 0.71218147  0.8382799   0.17909992  0.08716364 -0.4459416   0.46831974
 -0.26268048 -0.39898619] evals
0.044621102284460624 rms
(15, 9)
[ 0.7854652  -0.88346114 -0.38107066  0.15049186 -0.55364751  0.71978502
 -0.04330651 -0.26989054] evals
0.062348720200179744 rms
(15, 9)
[ 0.79064725 -0.1876997  -0.35793844 -0.21413355 -0.39069268  0.3753482
 -0.18156085 -0.1790122 ] evals
0.04118041508586059 rms
(15, 9)
[ 0.8494141  -0.71564942 -0.38262532  0.04903817  0.26395925 -0.05118371
 -0.12957447  0.60748321] evals
0.04118041508586059 rms
(15, 9)
[ 0.92444936 -0.26770349 -0.28647736  0.90376582 -0.18073461  0.35967517
 -0.02815658  0.11959877] evals
0.04118041508586059 rms
(15, 9)
[ 0.82894497 -0.25213161 -0.29872714  0.31737977 -0.49857586  0.41325977
 -0.25846894 -0.37148879] evals
0.04118041508586059 rms
(15, 9)
[-0.43450041 -0.46829254 -0.45831147 -0.07265792 -0.32364005  0.66477792
 -0.30219458 -0.15662237] evals
0.04118041508586059 rms
(15, 9)
[ 0.68273697 -0.47969086 -0.36770478 -0.04797732 -0.41093308  0.51132471
  0.25005161 -0.23498932] evals
0.06792333598564437 rms
(15, 9)
[-0.64548532 -0.40470056 -0.31715472  0.05937085 -0.32731183  0.32809148
  0.34381366 -0.26240557] evals
0.06789781833820176 rms
(15, 9)
[ 0.82389115 -0.33519438 -0.11270504 -0.65854102 -0.90598726  0.35641391
 -0.96125006 -0.27884505] evals
0.04444015864717668 rms
(15, 9)
[ 0.90026248  0.         -0.30630041  0.03909666 -0.42541846  0.32654437
 -0.49025451 -0.39848676] evals
0.04118041508586059 rms
differential_evolution step 2: f(x)= 0.0394334
[ 0.80632022 -0.38719698 -0.32771783  0.05966093 -0.36449106  0.25444186
 -0.1227843  -0.2243811 ] iters
2/20 |||||_____________________________________________ 10.0% GA is running...(15, 9)
[ 0.74865551  0.24344546 -0.32771783 -0.08512563 -0.50928972  0.51795105
 -0.15698598 -0.45595288] evals
0.058784799500889405 rms
(15, 9)
[ 0.52556075 -0.79410299 -0.30883807  0.75152126 -0.81847268 -0.93985271
 -0.11440465 -0.26710338] evals
0.04330928685132997 rms
(15, 9)
[ 0.78315594 -0.19436658 -0.31146811  0.12208613 -0.38369543  0.17673324
 -0.15396198 -0.28822488] evals
0.03895372679206102 rms
(15, 9)
[ 0.04922854 -0.62787982 -0.33034786  0.10104702 -0.34427188 -0.14461434
 -0.16234163 -0.2455026 ] evals
0.04118041508586059 rms
(15, 9)
[ 0.21450979 -0.70078731 -0.40279743 -0.18228211 -0.3846742   0.10843737
 -0.17120327 -0.34028346] evals
0.039734182960400315 rms
(15, 9)
[ 0.50948918 -0.56411273 -0.27243476  0.46551672  0.10692485  0.11000184
 -0.27537065 -0.05186809] evals
0.04118041508586059 rms
(15, 9)
[ 0.98407995  0.52132006 -0.15524092  0.31573959 -0.45429022  0.02801444
 -0.25054774 -0.44054611] evals
0.03861653802165159 rms
(15, 9)
[ 0.64375614  0.88541473 -0.17622838  0.51247422  0.10212467  0.35472409
 -0.38840193 -0.12337653] evals
0.04118041508586059 rms
(15, 9)
[ 0.43074643 -0.15051005 -0.27714473  0.22653312 -0.58507875 -0.20200031
  0.00761452 -0.24952501] evals
0.06522751141466823 rms
(15, 9)
[ 0.99367931  0.37822821 -0.25675987  0.58186518 -0.01426499 -0.12528593
  0.06225139 -0.10719172] evals
0.06512203488412209 rms
(15, 9)
[ 0.51685042 -0.68475281 -0.03651728  0.62468628 -0.7337879  -0.16479908
  0.04307859 -0.44589362] evals
0.06724214884449767 rms
(15, 9)
[ 0.88021476  0.33940725 -0.19122498  0.23646645 -0.52452739  0.29309441
 -0.0176837  -0.48794211] evals
0.06715316155935583 rms
(15, 9)
[ 0.17796134  0.23258744 -0.23627956  0.16706684 -0.37670761  0.86373578
 -0.46279407 -0.34494651] evals
0.04118041508586059 rms
(15, 9)
[ 0.55989514  0.98223066  0.03537685  0.32608356 -0.48492435  0.10845544
 -0.2512027  -0.50621633] evals
0.04094792624684539 rms
(15, 9)
[ 0.29267482  0.64738906 -0.22805352 -0.10288257 -0.27354486  0.0167803
 -0.07340295 -0.48554421] evals
0.06563685566503859 rms
(15, 9)
[-0.74110664  0.69006267 -0.11609934  0.02130165 -0.49712945  0.14266032
 -0.44340846 -0.45228266] evals
0.04118041508586059 rms
(15, 9)
[ 0.77894553  0.39525107 -0.08242832 -0.35757029 -0.63503558  0.03924859
 -0.42769253 -0.39554801] evals
0.043647771862571454 rms
(15, 9)
[ 0.76984968  0.03497697 -0.14806778 -0.06991141 -0.55808181 -0.15908058
 -0.09951596 -0.64875235] evals
0.06639083814381318 rms
(15, 9)
[ 0.95806615 -0.87086983 -0.42339284  0.42903881 -0.55123882  0.95924096
 -0.15141001 -0.49731293] evals
0.06143188603125307 rms
(15, 9)
[ 0.39357233  0.87568606 -0.08655331  0.71324207 -0.75269985  0.57918508
  0.61994351 -0.47093326] evals
0.06786295533918695 rms
(15, 9)
[ 0.69463912  0.00861935 -0.24834869  0.12843007 -0.39029891  0.05826208
 -0.22070572 -0.40283661] evals
0.038355335857843675 rms
(15, 9)
[ 0.82248731 -0.04837467  0.17909992  0.08716364 -0.33123715 -0.00236095
 -0.16587073 -0.15484988] evals
0.044621102284460624 rms
(15, 9)
[ 0.17949916 -0.0202532  -0.30465117 -0.3226976  -0.28979035  0.77252476
  0.02806992 -0.60173882] evals
0.06728870801013456 rms
(15, 9)
[ 0.62541396 -0.05532871 -0.17059456  0.17316786 -0.26268621  0.19968332
 -0.27717196 -0.19156461] evals
0.04118041508586059 rms
(15, 9)
[ 0.93724427 -0.71564942 -0.38262532 -0.05477032 -0.36432163  0.25972172
 -0.12957447 -0.30188433] evals
0.0440184184382567 rms
(15, 9)
[ 0.92444936  0.05497736 -0.16175967  0.03335538 -0.35592915  0.48965016
 -0.02815658 -0.28345458] evals
0.0637280451085023 rms
(15, 9)
[ 0.22187707 -0.25213161 -0.48808367  0.31737977 -0.38744158  0.30917777
 -0.27197809 -0.40350326] evals
0.04118041508586059 rms
(15, 9)
[ 0.78732135 -0.46829254 -0.38491119 -0.07265792 -0.34500309  0.66477792
 -0.17240664 -0.29683637] evals
0.03980023790617014 rms
(15, 9)
[ 0.69609421 -0.45563311 -0.44522593  0.12515652 -0.35363494  0.13375518
 -0.22851949 -0.36420549] evals
0.04118041508586059 rms
(15, 9)
[-0.64548532  0.47336964 -0.07035224  0.16273595 -0.5489371   0.27258944
  0.34381366 -0.59015012] evals
0.06790053742393849 rms
(15, 9)
[ 0.82389115 -0.0202532  -0.30465117  0.00714212 -0.90598726  0.77252476
  0.02806992 -0.60173882] evals
0.06728870801013456 rms
(15, 9)
[ 0.90026248  0.         -0.32383526  0.17290118 -0.17605787  0.32654437
 -0.12104221 -0.39848676] evals
0.060053104982582727 rms
differential_evolution step 3: f(x)= 0.0383553
[ 0.69463912  0.00861935 -0.24834869  0.12843007 -0.39029891  0.05826208
 -0.22070572 -0.40283661] iters
3/20 ||||||||__________________________________________ 15.0% GA is running...(15, 9)
[ 0.76665157  0.26249922 -0.397345    0.2302931  -0.44513652  0.07179863
 -0.25844134 -0.40283661] evals
0.04118041508586059 rms
(15, 9)
[ 0.430971    0.6488043  -0.16789569  0.75152126 -0.93320715  0.23915162
 -0.35734659 -0.67646302] evals
0.03818343472545081 rms
(15, 9)
[ 0.60099137 -0.38719698 -0.14418614  0.05966093 -0.36449106  0.21357802
 -0.281607   -0.67825557] evals
0.05691444192714589 rms
(15, 9)
[ 0.55914301  0.50977242 -0.33034786  0.10104702 -0.71289674  0.15039047
 -0.35885846 -0.51975964] evals
0.04118041508586059 rms
(15, 9)
[-0.20856703  0.16873222 -0.40279743  0.76861577 -0.3846742   0.10843737
 -0.21446302 -0.34028346] evals
0.04118041508586059 rms
(15, 9)
[ 0.50948918 -0.56411273 -0.11852468  0.95256268  0.10692485 -0.05565075
 -0.27537065 -0.05186809] evals
0.04118041508586059 rms
(15, 9)
[ 0.39541161 -0.19436658 -0.18313088  0.12208613 -0.62301413  0.46598857
 -0.16558077 -0.67087916] evals
0.06469636223727537 rms
(15, 9)
[ 0.51484815  0.50386077 -0.20209248 -0.30052265 -0.6760594   0.85700646
 -0.43398316 -0.00652185] evals
0.0410845656054882 rms
(15, 9)
[ 0.43074643  0.01699926 -0.01332703  0.22653312 -0.58507875  0.20872417
 -0.40068113 -0.77360915] evals
0.03945763394554291 rms
(15, 9)
[ 0.4114003  -0.82515991 -0.55443249  0.41947113 -0.87563084  0.03787186
 -0.23876062 -0.4939676 ] evals
0.04228937744395599 rms
(15, 9)
[-0.78090899  0.27705009  0.09494809  0.1895389  -0.94040326  0.27060662
 -0.32844533 -0.72057921] evals
0.05157271445188614 rms
(15, 9)
[ 0.5824558   0.5812732  -0.28559001  0.34887285 -0.86322604  0.24114232
 -0.2923737  -0.38262843] evals
0.04118041508586059 rms
(15, 9)
[-0.28098906  0.30263622 -0.23627956 -0.42772545 -0.258243    0.25708104
 -0.42427535 -0.78893045] evals
0.03758824087408906 rms
(15, 9)
[ 0.55989514  0.45906139 -0.42139007 -0.65718161 -0.22571374  0.10845544
 -0.2512027  -0.50621633] evals
0.041029205799168536 rms
(15, 9)
[-0.29131203  0.88839667 -0.3362268  -0.39990616 -0.26680127  0.22245082
 -0.43816943 -0.81738192] evals
0.03747718218153128 rms
(15, 9)
[-0.74110664  0.69006267 -0.2264073   0.02130165 -0.67769678  0.14266032
 -0.69549961  0.18477501] evals
0.04118041508586059 rms
(15, 9)
[ 0.03056758  0.78162426 -0.2612114   0.11321819 -0.56377968  0.2298934
 -0.40215138 -0.75458255] evals
0.03777305716368686 rms
(15, 9)
[ 0.76984968 -0.54562322 -0.58935931 -0.4895194  -0.07533955 -0.42719688
  0.02055892 -0.77014376] evals
0.06737108135494858 rms
(15, 9)
[-0.0754963   0.76461361 -0.42339284 -0.58428643 -0.31683782  0.5019187
 -0.452355   -0.4840147 ] evals
0.041059526936765865 rms
(15, 9)
[-0.27619613 -0.92910629 -0.38750337  0.71324207 -0.11138473  0.57918508
  0.61994351 -0.93141443] evals
0.06786231273335935 rms
(15, 9)
[ 0.98407995  0.88542563 -0.15524092  0.31573959 -0.45429022  0.02801444
 -0.25054774 -0.94295915] evals
0.0650611528929007 rms
(15, 9)
[-0.06560896 -0.04837467  0.17909992  0.19538577 -0.33123715  0.10535079
 -0.3958297  -0.90314496] evals
0.06112483339359322 rms
(15, 9)
[-0.42359239  0.80955559 -0.24300156 -0.00199169  0.01604335  0.08426055
 -0.50616831 -0.74050288] evals
0.04118041508586059 rms
(15, 9)
[-0.43079712 -0.1876997  -0.46886081 -0.253515   -0.74901248  0.19870266
 -0.48696719 -0.77148891] evals
0.04118041508586059 rms
(15, 9)
[ 0.09626049  0.54007212 -0.38262532 -0.43293782 -0.20514171 -0.05118371
 -0.12957447  0.60748321] evals
0.04118041508586059 rms
(15, 9)
[ 0.39828628  0.40832459 -0.38137502 -0.38281165 -0.12722367  0.27226536
 -0.18294347 -0.99971904] evals
0.06736755325949936 rms
(15, 9)
[ 0.22187707  0.57787566 -0.32746775 -0.14622244 -0.38744158 -0.01113414
 -0.27197809 -0.40350326] evals
0.04118041508586059 rms
(15, 9)
[ 0.27505399  0.98510135 -0.27283028 -0.53934122 -0.45472876  0.66477792
 -0.63635276 -0.70331085] evals
0.04132672732332058 rms
(15, 9)
[-0.07263289  0.99014518 -0.34304248 -0.79898929 -0.38859052  0.0126659
 -0.79073761 -0.55394917] evals
0.04231490416192737 rms
(15, 9)
[-0.35567864  0.42536562 -0.1515245  -0.48172762 -0.56701818  0.32809148
  0.34381366 -0.84063774] evals
0.07137025775307161 rms
(15, 9)
[-0.27216807  0.5457101  -0.28689684 -0.66835545 -0.90598726  0.36105707
 -0.35284099 -0.27884505] evals
0.0421896206657532 rms
(15, 9)
[ 0.0931957   0.33896198 -0.30630041  0.03909666 -0.42541846  0.29502772
 -0.3134127  -0.7339674 ] evals
0.05653348327450527 rms
differential_evolution step 4: f(x)= 0.0374772
[-0.29131203  0.88839667 -0.3362268  -0.39990616 -0.26680127  0.22245082
 -0.43816943 -0.81738192] iters
4/20 ||||||||||________________________________________ 20.0% GA is running...(15, 9)
[-0.40091349  0.84520838 -0.30441321 -0.39990616 -0.26680127  0.30536091
 -0.47744436 -0.85152342] evals
0.036430317768132756 rms
(15, 9)
[-0.43514151  0.00861935 -0.2918987   0.12843007 -0.26153833  0.28468658
 -0.48008331 -0.89017871] evals
0.03720465900742808 rms
(15, 9)
[-0.53304811  0.84777377 -0.31826104 -0.5034152  -0.36449106  0.25444186
 -0.48820377 -0.83451539] evals
0.03805946956517489 rms
(15, 9)
[-0.42160895  0.50977242 -0.33034786  0.10104702 -0.25530624  0.37233694
 -0.46922533 -0.83640775] evals
0.0364882339526253 rms
(15, 9)
[-0.53795483  0.99176859 -0.27589856 -0.44550293 -0.29721479  0.37705701
 -0.53095701 -0.94411142] evals
0.036218409522115295 rms
(15, 9)
[-0.51542167 -0.56411273 -0.23023714 -0.40493941 -0.33707356  0.42493702
 -0.55947254 -0.99526096] evals
0.03611217738869425 rms
(15, 9)
[-0.51796569 -0.53595516 -0.31146811 -0.495887   -0.38369543  0.17673324
 -0.60807691 -0.28822488] evals
0.041072184932042795 rms
(15, 9)
[ 0.51484815 -0.57080146 -0.2373639  -0.30052265 -0.33893436  0.46035036
 -0.6137696  -0.99888246] evals
0.040845122633186806 rms
(15, 9)
[-0.4846064  -0.68493284 -0.22075985 -0.42116901 -0.33197148  0.47452868
 -0.40068113  0.50664632] evals
0.04122230016958984 rms
(15, 9)
[-0.61886681 -0.58227504 -0.25951753 -0.439447   -0.2843808   0.42239216
 -0.58629032 -0.14509783] evals
0.041087855740884194 rms
(15, 9)
[-0.58542306  0.27705009 -0.23348714 -0.35769788 -0.38364243  0.3808084
 -0.57857789 -0.72057921] evals
0.04106234670831092 rms
(15, 9)
[-0.45952777 -0.50821349 -0.23977995 -0.46398518 -0.33114166  0.38960953
 -0.52260534 -0.83773395] evals
0.04127326216556191 rms
(15, 9)
[-0.56169388 -0.70387077 -0.20992065 -0.38607534 -0.339202    0.41683994
 -0.57073937  0.09389256] evals
0.04115728608683871 rms
(15, 9)
[ 0.55989514 -0.61037105 -0.22234096 -0.33639629 -0.48492435  0.35957438
 -0.56263192 -0.50621633] evals
0.04106848178417395 rms
(15, 9)
[-0.28098906  0.30263622 -0.24643687 -0.42772545 -0.258243    0.44580267
 -0.42427535  0.13395931] evals
0.04110562186202318 rms
(15, 9)
[-0.52041447 -0.63928822 -0.2264073   0.02130165 -0.34616419  0.4253316
 -0.5644814   0.18477501] evals
0.04118041508586059 rms
(15, 9)
[ 0.03056758 -0.53974419 -0.22135283 -0.38976894 -0.29463423  0.43497082
 -0.58410513 -0.75458255] evals
0.04111063656173733 rms
(15, 9)
[ 0.76984968 -0.68493284 -0.58935931 -0.42116901 -0.07533955  0.47452868
 -0.59542284 -0.70162139] evals
0.04118041508586059 rms
(15, 9)
[-0.43085517 -0.62091857 -0.22220914 -0.3552899  -0.3602427   0.4646672
 -0.59740957  0.45401626] evals
0.041068998767806626 rms
(15, 9)
[-0.27619613 -0.57603401 -0.23948773  0.71324207 -0.36268087  0.57918508
 -0.58762905 -0.53755778] evals
0.04118041508586059 rms
(15, 9)
[-0.57010081 -0.53576794 -0.15524092 -0.35961165 -0.31380889  0.02801444
 -0.59908342 -0.57503457] evals
0.04164175701164671 rms
(15, 9)
[-0.37830959 -0.04837467  0.17909992 -0.3943387  -0.33123715 -0.00236095
 -0.51629331  0.93664686] evals
0.04462623023967953 rms
(15, 9)
[-0.48306358  0.80955559 -0.24300156 -0.00199169 -0.33626395  0.37626814
 -0.51236166 -0.90648396] evals
0.03645584272828898 rms
(15, 9)
[ 0.62541396 -0.61002682 -0.26413452 -0.253515   -0.74901248  0.45150615
 -0.57016306 -0.00643535] evals
0.04118041508586059 rms
(15, 9)
[-0.55246517 -0.47542637 -0.21513592 -0.33873419 -0.20514171 -0.05118371
 -0.12957447  0.54397431] evals
0.041066197701348985 rms
(15, 9)
[-0.5370358  -0.26770349 -0.2105562   0.90376582 -0.18073461  0.39918452
 -0.55651907  0.11959877] evals
0.04118041508586059 rms
(15, 9)
[-0.53610799 -0.58713743 -0.32746775 -0.41378195 -0.39904145  0.41012092
 -0.54900546 -0.97368081] evals
0.03615536022338811 rms
(15, 9)
[-0.39087893 -0.67345726 -0.23097919 -0.35003524 -0.34936872  0.66477792
 -0.52544803 -0.93601212] evals
0.0361879456345215 rms
(15, 9)
[-0.48840547  0.96111333 -0.22195161 -0.27696902 -0.33688316  0.45909415
 -0.22051047 -0.96402638] evals
0.06600839638067811 rms
(15, 9)
[-0.62697296 -0.54346351 -0.24254373  0.05937085 -0.28580008  0.39680277
 -0.59935572  0.58463519] evals
0.04118041508586059 rms
(15, 9)
[-0.54448019  0.5457101  -0.22767577 -0.51558833 -0.90598726  0.3586336
 -0.51129347 -0.8815033 ] evals
0.038360111248486775 rms
(15, 9)
[-0.6393133   0.         -0.23446967  0.03909666 -0.27986817  0.36147527
 -0.56248852 -0.93736779] evals
0.03921231491962757 rms
differential_evolution step 5: f(x)= 0.0361122
[-0.51542167 -0.56411273 -0.23023714 -0.40493941 -0.33707356  0.42493702
 -0.55947254 -0.99526096] iters
5/20 ||||||||||||______________________________________ 25.0% GA is running...(15, 9)
[-0.49682358 -0.37350317 -0.2279753  -0.34503042 -0.3441789   0.41862039
 -0.5493481  -0.99526096] evals
0.03610283217334344 rms
(15, 9)
[-0.65830785 -0.39425883 -0.22971304 -0.29929895 -0.37365441  0.38120997
 -0.58931678 -0.07481683] evals
0.041150004322489796 rms
(15, 9)
[-0.49965779 -0.41944073 -0.31826104 -0.5034152  -0.34260467  0.42779268
 -0.54822251 -0.99319088] evals
0.03612716154103196 rms
(15, 9)
[-0.62939097 -0.49901783 -0.23381761 -0.32418071 -0.24112867  0.44053671
 -0.57662454 -0.88624123] evals
0.04110842881890193 rms
(15, 9)
[-0.28863563 -0.22170122 -0.30441321 -0.2451233  -0.35174515  0.30536091
 -0.50847467 -0.85152342] evals
0.039091702019985075 rms
(15, 9)
[-0.53795483  0.99176859 -0.247609   -0.37925396 -0.29721479  0.40158729
 -0.61060831 -0.92345269] evals
0.041062488249469 rms
(15, 9)
[-0.66905436 -0.36569791 -0.29247801  0.12208613 -0.33463373  0.45793121
 -0.59237914 -0.41817852] evals
0.04118041508586059 rms
(15, 9)
[-0.4912165  -0.3367105  -0.22717944 -0.36665333 -0.33893436  0.41558358
 -0.54013358 -0.99888246] evals
0.03710004773844927 rms
(15, 9)
[-0.50650315 -0.53083176 -0.22038604 -0.33374477 -0.58507875  0.4052993
 -0.53296767 -0.99501604] evals
0.037642150544623644 rms
(15, 9)
[-0.47055249 -0.58227504 -0.25951753 -0.439447   -0.2843808   0.40326621
 -0.58629032 -0.690421  ] evals
0.041087855740884194 rms
(15, 9)
[-0.27450179 -0.302109   -0.21712502 -0.35769788 -0.38364243  0.3808084
 -0.50662818 -0.92722181] evals
0.03661701719008308 rms
(15, 9)
[-0.63737791 -0.23204763 -0.24571255 -0.36507852 -0.27814064  0.3848204
 -0.2923737  -0.4395467 ] evals
0.04106661765653318 rms
(15, 9)
[-0.53860247 -0.52191916 -0.22193773 -0.40952182 -0.31950932  0.43928802
 -0.56365607  0.88225018] evals
0.04117275375564346 rms
(15, 9)
[-0.30852458 -0.20987983  0.03537685 -0.25385334 -0.35854777  0.33141638
 -0.51170083 -0.92740747] evals
0.04036138963119097 rms
(15, 9)
[-0.28098906  0.30263622 -0.23613387 -0.3049576  -0.258243    0.3925052
 -0.61256202 -0.17541321] evals
0.041154296896313114 rms
(15, 9)
[-0.49012082 -0.22394856 -0.23767543 -0.2710104  -0.34019717  0.41438466
 -0.5644814   0.92384722] evals
0.04118041508586059 rms
(15, 9)
[ 0.03056758 -0.36101587 -0.23188359 -0.35727525 -0.33527888  0.38280667
 -0.55768038 -0.96162754] evals
0.037290543251078494 rms
(15, 9)
[ 0.76984968 -0.38309799 -0.22406027 -0.34401965 -0.35862724  0.41807095
 -0.57869     0.32180783] evals
0.04106255962889708 rms
(15, 9)
[-0.29689676 -0.34834938 -0.16979774 -0.28309639 -0.3514504   0.36559636
 -0.452355   -0.95627206] evals
0.05269806098750376 rms
(15, 9)
[-0.37821049 -0.2858306  -0.21099324 -0.25969882 -0.43616315  0.57918508
 -0.53253945 -0.96599284] evals
0.036087404561786496 rms
(15, 9)
[ 0.98407995  0.52132006 -0.15524092 -0.32640245 -0.42733873  0.62132722
 -0.57520909 -0.9690719 ] evals
0.038715964129387145 rms
(15, 9)
[ 0.82248731 -0.22140323  0.17909992  0.08716364 -0.41465186  0.62698604
 -0.57094117 -0.29580941] evals
0.044621102284460624 rms
(15, 9)
[-0.2270907  -0.35759718 -0.24300156 -0.00199169 -0.45758316  0.62984313
 -0.55262516 -0.8984605 ] evals
0.040970017879566875 rms
(15, 9)
[-0.27696668 -0.28885472 -0.20992184 -0.253515   -0.43936068  0.58401448
 -0.53541669 -0.79022788] evals
0.04117956893189392 rms
(15, 9)
[-0.32940346 -0.47542637 -0.21513592 -0.26827824 -0.43343819  0.56169132
 -0.55060323  0.58621977] evals
0.04116477121556275 rms
(15, 9)
[-0.39934366 -0.42847693 -0.2105562  -0.30942313 -0.18073461  0.5803563
 -0.50241236  0.11959877] evals
0.04108684037367923 rms
(15, 9)
[-0.34190218 -0.24306024 -0.21954116 -0.408623   -0.32493698  0.63537345
 -0.51379991 -0.87447826] evals
0.03827439380966249 rms
(15, 9)
[-0.36923274 -0.2851647  -0.20168753 -0.26321361 -0.34936872  0.57824633
 -0.53764557 -0.92720075] evals
0.03739180514726587 rms
(15, 9)
[-0.52309467 -0.44911027 -0.2212162  -0.354488   -0.12103387  0.60077522
 -0.56568232 -0.00822374] evals
0.0410693339566624 rms
(15, 9)
[-0.41107405 -0.22715119 -0.21426816 -0.21196944 -0.44973938  0.54920958
 -0.54076681 -0.72902006] evals
0.04118041508586059 rms
(15, 9)
[-0.54448019 -0.2442419  -0.2101554  -0.24302183 -0.41762859  0.59889342
 -0.53360753 -0.92956501] evals
0.036955839381484536 rms
(15, 9)
[-0.36870603 -0.10985383 -0.2148094  -0.21358233 -0.45412019  0.6377241
 -0.58496171  0.35363805] evals
0.04118041508586059 rms
differential_evolution step 6: f(x)= 0.0360874
[-0.37821049 -0.2858306  -0.21099324 -0.25969882 -0.43616315  0.57918508
 -0.53253945 -0.96599284] iters
6/20 |||||||||||||||___________________________________ 30.0% GA is running...(15, 9)
[-0.51865974 -0.2858306  -0.22841897 -0.0201599  -0.40425764  0.57612759
 -0.53253945 -0.96599284] evals
0.036083550076832956 rms
(15, 9)
[-0.60970213 -0.86419838 -0.2439443   0.12843007 -0.26153833  0.64667485
 -0.58072998 -0.89017871] evals
0.04118041508586059 rms
(15, 9)
[-0.55075255 -0.41944073 -0.21641872 -0.5034152  -0.45371997  0.42779268
 -0.52193947 -0.99319088] evals
0.041003709709207865 rms
(15, 9)
[-0.56844398  0.50977242 -0.33034786  0.11211633 -0.25530624  0.70786645
 -0.49706192 -0.03714679] evals
0.04118041508586059 rms
(15, 9)
[-0.40091349  0.84520838 -0.24009917 -0.39990616 -0.33437419  0.30536091
 -0.5701568  -0.85152342] evals
0.04106974224652826 rms
(15, 9)
[-0.51328251 -0.13014683 -0.27589856  0.04429452 -0.54735011  0.37705701
 -0.80462255 -0.35487461] evals
0.04118041508586059 rms
(15, 9)
[-0.52983276 -0.19436658 -0.22897801 -0.03412876 -0.38369543  0.70776457
 -0.55457008 -0.30146924] evals
0.04118041508586059 rms
(15, 9)
[-0.67052497 -0.84710286 -0.21771599  0.04312837 -0.62435469  0.67594041
 -0.60573481 -0.99888246] evals
0.03982975853941409 rms
(15, 9)
[-0.63619743  0.40067547 -0.22038604  0.14944825 -0.38925131  0.60633156
 -0.53296767 -0.95190258] evals
0.03604697221052019 rms
(15, 9)
[-0.54409788  0.50752029 -0.25951753  0.21972535 -0.24223958  0.40326621
 -0.50159104 -0.21566853] evals
0.04118041508586059 rms
(15, 9)
[-0.49089474  0.90023037 -0.27738098  0.46334553 -0.37387422  0.3808084
 -0.65206273 -0.71950185] evals
0.04118041508586059 rms
(15, 9)
[-0.68034368  0.39740104 -0.24571255  0.16673155 -0.46646585  0.3848204
 -0.50785938  0.07592835] evals
0.04118041508586059 rms
(15, 9)
[-0.80571974  0.24302136 -0.15243016 -0.14113782 -0.93320715  0.23915162
 -0.7676204  -0.67726683] evals
0.04118041508586059 rms
(15, 9)
[ 0.16113435  0.1543835  -0.56151778 -0.18789749 -0.35854777  0.4602907
 -0.51819577 -0.92740747] evals
0.03608762911941168 rms
(15, 9)
[-0.60849891  0.30263622 -0.18811366  0.21710824 -0.42087779  0.25708104
 -0.54535256 -0.78893045] evals
0.04118041508586059 rms
(15, 9)
[-0.49012082 -0.22394856 -0.23399011  0.31852065 -0.274857    0.41438466
 -0.54759546  0.70410294] evals
0.04118041508586059 rms
(15, 9)
[-0.57411863 -0.59801194 -0.21228996 -0.08493051 -0.33527888  0.80061921
 -0.54178027 -0.96162754] evals
0.03615964089707849 rms
(15, 9)
[ 0.30430202  0.65429052  0.04318291  0.26533953 -0.4427025   0.48940388
 -0.55260515 -0.50352872] evals
0.041177918184564025 rms
(15, 9)
[-0.5458242   0.30251528 -0.03881972  0.36246889 -0.31683782  0.4880766
 -0.452355   -0.92683206] evals
0.048080676684775794 rms
(15, 9)
[ 0.33123713 -0.37350317 -0.2279753   0.44291143 -0.71176255  0.74851512
 -0.5493481  -0.57846622] evals
0.04118041508586059 rms
(15, 9)
[-0.66198734 -0.38544614 -0.1918584   0.1884474  -0.45429022  0.57216525
 -0.52134077 -0.91885159] evals
0.03654420578372225 rms
(15, 9)
[-0.70864756  0.3611597  -0.22991545  0.27861623 -0.3586231   0.62445863
 -0.52742722 -0.29580941] evals
0.04118041508586059 rms
(15, 9)
[-0.61184407  0.92171421 -0.26322121 -0.09336768 -0.33626395  0.32109719
 -0.5256791  -0.94010691] evals
0.0360601635736884 rms
(15, 9)
[-0.61900248 -0.48565302 -0.17489584  0.33242319 -0.42839259  0.56341921
 -0.69007971 -0.00643535] evals
0.04118041508586059 rms
(15, 9)
[-0.55246517 -0.47542637 -0.22756467  0.11910075 -0.20514171 -0.05118371
 -0.57557479  0.54397431] evals
0.04118041508586059 rms
(15, 9)
[-0.96714125  0.33849988 -0.21437622 -0.30942313 -0.2858914   0.29032707
 -0.23052523 -0.80229169] evals
0.06387467637665058 rms
(15, 9)
[-0.8621815  -0.26719671 -0.07955773  0.40017317 -0.4787496   0.63817808
 -0.54900546 -0.19864206] evals
0.04118041508586059 rms
(15, 9)
[ 0.21339428 -0.67345726 -0.23097919 -0.35003524 -0.63152092  0.66477792
 -0.24200597 -0.31520801] evals
0.041062626381377795 rms
(15, 9)
[-0.52309467  0.47115732 -0.23286657  0.15050875 -0.34831173  0.58561509
 -0.36612173 -0.57523586] evals
0.04118041508586059 rms
(15, 9)
[-0.41107405 -0.52246229 -0.19209911 -0.02639485 -0.24431152  0.79467176
 -0.54076681 -0.32435576] evals
0.04118041508586059 rms
(15, 9)
[-0.8621815  -0.46606449 -0.0646287  -0.24302183 -0.41762859  0.59889342
 -0.59250576 -0.92956501] evals
0.0425267723047231 rms
(15, 9)
[-0.25781629 -0.69537015 -0.23446967  0.03909666 -0.27986817  0.68518765
 -0.64070195 -0.98184813] evals
0.04118041508586059 rms
differential_evolution step 7: f(x)= 0.036047
[-0.63619743  0.40067547 -0.22038604  0.14944825 -0.38925131  0.60633156
 -0.53296767 -0.95190258] iters
7/20 ||||||||||||||||||________________________________ 35.0% GA is running...(15, 9)
[-0.63619743  0.40067547 -0.22038604  0.14315272 -0.38998634  0.60633156
 -0.53296767 -0.93584462] evals
0.0366249329752035 rms
(15, 9)
[ 0.34956995 -0.48437777 -0.24692681  0.57296367 -0.26153833  0.45685686
 -0.48008331 -0.89017871] evals
0.03720465900742808 rms
(15, 9)
[-0.49965779 -0.21703081  0.02625048  0.02846664 -0.34260467  0.42779268
 -0.54822251 -0.99319088] evals
0.03637321588650885 rms
(15, 9)
[-0.62989882  0.50977242 -0.15242409  0.25149524 -0.25530624  0.59722155
 -0.52693199 -0.95614943] evals
0.03611926674509548 rms
(15, 9)
[ 0.27143123  0.47325305 -0.30441321  0.39110124 -0.42329914  0.72426798
 -0.47744436  0.93217769] evals
0.04118041508586059 rms
(15, 9)
[-0.53795483  0.10760338 -0.23232442 -0.44550293 -0.29721479  0.78047742
 -0.82773552  0.11751957] evals
0.04124602571364664 rms
(15, 9)
[ 0.78315594  0.14943368 -0.21494632  0.12208613 -0.38369543  0.17673324
 -0.51628719 -0.28822488] evals
0.04118041508586059 rms
(15, 9)
[-0.4912165   0.51178077 -0.22704649 -0.05168627 -0.22938906  0.41558358
 -0.55080256 -0.24050548] evals
0.04118041508586059 rms
(15, 9)
[-0.73657828  0.23210221 -0.23353758 -0.0201599  -0.40666996  0.4748866
 -0.52225792 -0.45509201] evals
0.04118041508586059 rms
(15, 9)
[-0.1159392  -0.58227504 -0.39502612  0.31799546 -0.2843808   0.64376653
 -0.58629032 -0.917375  ] evals
0.04118041508586059 rms
(15, 9)
[-0.75509618 -0.67325899 -0.14047661  0.66500557 -0.36755687  0.3808084
 -0.48867652 -0.92722181] evals
0.03877059933088136 rms
(15, 9)
[-0.63737791 -0.23204763 -0.24166269  0.18347099 -0.36655779  0.3848204
 -0.49303837 -0.8828166 ] evals
0.03623404783975821 rms
(15, 9)
[-0.47530993  0.34235483 -0.16789569  0.75152126 -0.47042326  0.23915162
 -0.5023993   0.57641627] evals
0.04118041508586059 rms
(15, 9)
[ 0.16113435 -0.06539748 -0.56151778  0.27560426 -0.35854777  0.46310739
 -0.54388242 -0.92740747] evals
0.03793713784575711 rms
(15, 9)
[ 0.40824672 -0.2655537  -0.27383849 -0.29490447 -0.258243    0.47265555
 -0.57158772  0.00166514] evals
0.04118041508586059 rms
(15, 9)
[ 0.02466496 -0.22394856 -0.16028917  0.88572386 -0.28665122  0.64120431
 -0.48154033  0.70410294] evals
0.04118041508586059 rms
(15, 9)
[-0.65580001 -0.59801194 -0.21534263  0.14239133 -0.33527888  0.74224922
 -0.54178027 -0.21540938] evals
0.04118041508586059 rms
(15, 9)
[ 0.76984968 -0.38309799 -0.22406027 -0.24391651 -0.20334527  0.14121003
 -0.24064514  0.13960775] evals
0.04118041508586059 rms
(15, 9)
[-0.7779598   0.88343735 -0.22150267  0.37238471 -0.35520039  0.64239452
 -0.5291531  -0.45183477] evals
0.04118041508586059 rms
(15, 9)
[-0.7508094  -0.37350317 -0.20484804  0.22929797 -0.44018448  0.41862039
 -0.53905601 -0.94709197] evals
0.03656491397987712 rms
(15, 9)
[-0.66198734 -0.263243   -0.28842753  0.1598524  -0.49431027  0.72052465
 -0.62603699 -0.91885159] evals
0.04118041508586059 rms
(15, 9)
[-0.22252135  0.59082918 -0.4225736  -0.47418327 -0.43516407  0.62445863
 -0.47732089 -0.59961189] evals
0.04118041508586059 rms
(15, 9)
[ 0.41817539 -0.12472882 -0.33905921  0.05288762 -0.48505092  0.29257766
 -0.5256791  -0.94010691] evals
0.0360601635736884 rms
(15, 9)
[-0.66142188  0.25920562 -0.21047469 -0.08826093 -0.24067786  0.13825347
 -0.23228907  0.17478293] evals
0.04118041508586059 rms
(15, 9)
[-0.74449331  0.5381453  -0.21513592  0.19899461 -0.56601344  0.62016332
 -0.55624444 -0.23911272] evals
0.04118041508586059 rms
(15, 9)
[-0.83848918  0.61557945 -0.2105562  -0.30942313 -0.46754013  0.53722718
 -0.52990297 -0.93909798] evals
0.036306972808762425 rms
(15, 9)
[-0.18940572 -0.58713743 -0.18158484  0.87371712 -0.35296703  0.48738165
 -0.54900546  0.29100816] evals
0.04118041508586059 rms
(15, 9)
[-0.60030145  0.17947883 -0.23097919 -0.16340936 -0.29980335  0.47734836
 -0.57307472 -0.74628035] evals
0.04118041508586059 rms
(15, 9)
[-0.77680159 -0.44911027 -0.455123   -0.41828016 -0.46163642  0.60889378
 -0.56140588 -0.9796814 ] evals
0.036725798257483115 rms
(15, 9)
[-0.86044582  0.11997608 -0.17162982  0.25098631 -0.51634222  0.72584503
 -0.54076681 -0.94816173] evals
0.036639323255757424 rms
(15, 9)
[-0.47119595  0.31115345 -0.26727498 -0.00865652 -0.21280252  0.33445139
 -0.53360753 -0.92956501] evals
0.036955839381484536 rms
(15, 9)
[-0.51057479  0.         -0.23446967  0.05681326 -0.45326885  0.5762467
 -0.49705686 -0.70089231] evals
0.04118041508586059 rms
differential_evolution step 8: f(x)= 0.036047
[-0.63619743  0.40067547 -0.22038604  0.14944825 -0.38925131  0.60633156
 -0.53296767 -0.95190258] iters
8/20 ||||||||||||||||||||______________________________ 40.0% GA is running...(15, 9)
[-0.64635734 -0.62663139 -0.17784099  0.14944825 -0.32478319  0.30648415
 -0.25192592  0.09003166] evals
0.04118041508586059 rms
(15, 9)
[ 0.34956995 -0.01732338 -0.19317967  0.57296367 -0.52330518  0.45685686
 -0.53221982 -0.89017871] evals
0.0390806725355508 rms
(15, 9)
[-0.49965779 -0.41944073 -0.18111736  0.2170302  -0.66907559  0.52748411
 -0.23570623 -0.30102754] evals
0.04118041508586059 rms
(15, 9)
[-0.59980154  0.40573697 -0.36423791  0.06788701 -0.42532595  0.77693162
 -0.51244717 -0.72251526] evals
0.04118041508586059 rms
(15, 9)
[-0.38294383 -0.09140317 -0.21810272 -0.2056475  -0.38532406  0.44842379
 -0.47744436 -0.93462149] evals
0.04225482729367916 rms
(15, 9)
[ 0.48993616 -0.29858278 -0.22984138  0.1252243  -0.29721479  0.37705701
 -0.56712758 -0.06903615] evals
0.04118041508586059 rms
(15, 9)
[ 0.57710674 -0.19436658 -0.21226988 -0.17730645 -0.32902884  0.68863351
 -0.54930042 -0.9754105 ] evals
0.036102823514801013 rms
(15, 9)
[-0.8047273  -0.3367105  -0.30976824  0.14629867 -0.43307933  0.74550919
 -0.54165024 -0.99888246] evals
0.03679976968939528 rms
(15, 9)
[-0.75391055 -0.2858306  -0.22841897  0.18288427 -0.43620963  0.57612759
 -0.55318968 -0.96599284] evals
0.036742415975118556 rms
(15, 9)
[-0.47055249 -0.58227504 -0.2886388  -0.439447   -0.45772965  0.56774439
 -0.58629032 -0.97798788] evals
0.03900002590545998 rms
(15, 9)
[-0.27450179 -0.60820526 -0.34587617  0.16850921 -0.50437676  0.76866002
 -0.55428749 -0.92722181] evals
0.03899351330909032 rms
(15, 9)
[-0.63737791 -0.22233006 -0.28423458  0.18347099 -0.48783618  0.3848204
 -0.49303837 -0.8828166 ] evals
0.03623404783975821 rms
(15, 9)
[ 0.34561186  0.58371104 -0.02417539  0.26481421 -0.59046751  0.56661331
 -0.35734659 -0.27045099] evals
0.04118041508586059 rms
(15, 9)
[-0.73596649  0.1543835  -0.2249333   0.41840799 -0.34422195  0.56631945
 -0.51819577 -0.9113667 ] evals
0.03664825490920594 rms
(15, 9)
[-0.28098906  0.20054137 -0.21614943  0.10795774 -0.47634686  0.25708104
 -0.51199781 -0.78893045] evals
0.04118041508586059 rms
(15, 9)
[ 0.02466496 -0.22394856 -0.20360773  0.54370371 -0.28665122  0.37316065
 -0.41814152 -0.78218591] evals
0.03760846794095311 rms
(15, 9)
[-0.57411863  0.37491382 -0.16311591 -0.08493051 -0.32700463  0.37744916
 -0.53835759 -0.94936686] evals
0.03642350939765831 rms
(15, 9)
[-0.37519393  0.95173029 -0.22406027 -0.55121854 -0.38694398  0.46645167
 -0.57869    -0.88101014] evals
0.0423190422446798 rms
(15, 9)
[-0.50789587  0.76461361 -0.23347195 -0.58428643 -0.3991168   0.51121762
 -0.5215321  -0.93396706] evals
0.03776792068446187 rms
(15, 9)
[-0.71110481  0.34424427 -0.2279753  -0.34503042 -0.3441789   0.7504692
 -0.5493481  -0.99526096] evals
0.03610283217334344 rms
(15, 9)
[-0.579294    0.95142629 -0.25689299  0.38056344 -0.3946153   0.8763472
 -0.81586527  0.72309444] evals
0.04118041508586059 rms
(15, 9)
[-0.73215162  0.50329463 -0.20042054 -0.47418327 -0.41054638  0.65653204
 -0.47732089  0.6915488 ] evals
0.04197102055042676 rms
(15, 9)
[ 0.41817539  0.32872476 -0.27677954 -0.54145553 -0.48505092  0.57360779
 -0.58122588 -0.0138625 ] evals
0.041319751105693386 rms
(15, 9)
[ 0.62541396  0.38334572 -0.36883729  0.03408579 -0.36658211  0.55216835
 -0.49615052 -0.00643535] evals
0.04118041508586059 rms
(15, 9)
[-0.55246517  0.62077325 -0.19193051  0.44933211 -0.20514171  0.63238649
 -0.52699257 -0.93282342] evals
0.03634719500623691 rms
(15, 9)
[-0.72603216  0.1458517  -0.2112235   0.66319773 -0.38234366  0.67292885
 -0.54097468 -0.93909798] evals
0.03707220074622855 rms
(15, 9)
[-0.33110949  0.40180872 -0.2768397  -0.10278105 -0.53011786  0.41012092
 -0.58540927 -0.97368081] evals
0.03926621651037584 rms
(15, 9)
[-0.7541994  -0.1156306  -0.28297005  0.14724297 -0.34936872  0.70378155
 -0.53904707 -0.98479715] evals
0.03633904873204546 rms
(15, 9)
[-0.87344184  0.53054245 -0.14497281  0.28527844 -0.47672916  0.68295588
 -0.56140588 -0.91402758] evals
0.04086627269774551 rms
(15, 9)
[-0.66189413  0.71818114 -0.19671769  0.25098631 -0.51970564  0.7301005
 -0.52451264 -0.95498483] evals
0.03625241116078608 rms
(15, 9)
[-0.47119595  0.31173299 -0.14497933 -0.00865652 -0.56633098  0.90372754
 -0.56592414  0.14103677] evals
0.04118041508586059 rms
(15, 9)
[-0.52390969  0.4358732  -0.2412965  -0.64035272 -0.46799795  0.36147527
 -0.56248852 -0.368803  ] evals
0.04289996406439938 rms
differential_evolution step 9: f(x)= 0.036047
[-0.63619743  0.40067547 -0.22038604  0.14944825 -0.38925131  0.60633156
 -0.53296767 -0.95190258] iters
9/20 ||||||||||||||||||||||____________________________ 45.0% GA is running...(15, 9)
[-0.53518947  0.75295907 -0.18428236  0.14392767 -0.33350569  0.60633156
 -0.4835839  -0.95190258] evals
0.04316296887362096 rms
(15, 9)
[-0.57192711  0.38721616 -0.24692681 -0.12447743 -0.34503222  0.54917086
 -0.54361082 -0.98133536] evals
0.035945018414563955 rms
(15, 9)
[-0.43961896  0.28999103 -0.23856114 -0.35638877 -0.35479189  0.42779268
 -0.56128494 -0.97306268] evals
0.03702231297355428 rms
(15, 9)
[-0.71256297  0.42603235 -0.15242409  0.25149524 -0.25530624  0.59722155
 -0.58664483  0.21609398] evals
0.04118041508586059 rms
(15, 9)
[-0.61525277  0.42578238 -0.24882218 -0.20300749 -0.46957593  0.58785827
 -0.54262896 -0.99010962] evals
0.03627268807385964 rms
(15, 9)
[-0.56040359  0.32274599 -0.23519863 -0.09915083 -0.29721479  0.37705701
 -0.55868282 -0.97531611] evals
0.03672357443888931 rms
(15, 9)
[-0.58210108  0.51292458 -0.23755592 -0.08427598 -0.39668234  0.59817407
 -0.54026326 -0.9825557 ] evals
0.03614390737382917 rms
(15, 9)
[-0.64954848  0.27629143 -0.2752409   0.14629867 -0.3743652   0.62318348
 -0.57515105 -0.72126417] evals
0.04118041508586059 rms
(15, 9)
[-0.58821314  0.79256189 -0.26139083 -0.17122706 -0.39820377  0.46493349
 -0.54394684 -0.99261213] evals
0.03627255751540239 rms
(15, 9)
[-0.54059172 -0.01382409 -0.2886388  -0.20792831 -0.31710585  0.56774439
 -0.58629032 -0.97483079] evals
0.03928590674412515 rms
(15, 9)
[-0.27450179  0.13033834 -0.27328512 -0.35769788 -0.38364243  0.59760185
 -0.62483163  0.13526023] evals
0.04113782543169327 rms
(15, 9)
[-0.08082092  0.46607532 -0.22135856 -0.08669536 -0.48783618  0.4899114
 -0.54060166 -0.46671378] evals
0.04118041508586059 rms
(15, 9)
[ 0.430971    0.79014961 -0.2457375  -0.1224959  -0.34297744  0.23915162
 -0.55307345 -0.95566028] evals
0.037219169838298025 rms
(15, 9)
[ 0.16113435  0.1543835  -0.20363688 -0.2974911  -0.44843843  0.61542809
 -0.51819577 -0.92740747] evals
0.03611696192729612 rms
(15, 9)
[-0.55925937  0.30470194 -0.22938987 -0.12427593 -0.258243    0.25708104
 -0.42427535 -0.98179646] evals
0.05864614674982561 rms
(15, 9)
[ 0.02466496  0.06251168 -0.28567797  0.54370371 -0.28665122  0.47848285
 -0.41814152 -0.78218591] evals
0.03760846794095311 rms
(15, 9)
[-0.57411863 -0.59801194 -0.24653179 -0.08493051 -0.39224572  0.60845759
 -0.54178027 -0.97998893] evals
0.03601841290125926 rms
(15, 9)
[ 0.76984968  0.03493255 -0.22406027 -0.11895686 -0.40077784  0.60976316
 -0.59299459  0.5858116 ] evals
0.04118041508586059 rms
(15, 9)
[-0.07119001  0.31290116 -0.22334004 -0.58428643 -0.53077816  0.62467101
 -0.5215321  -0.61275596] evals
0.04267762349654656 rms
(15, 9)
[-0.71110481  0.34424427 -0.17762266 -0.34503042 -0.28812385  0.62324867
 -0.5493481  -0.97439425] evals
0.03635216567306703 rms
(15, 9)
[-0.57565453  0.18538453 -0.27941071 -0.20857134 -0.3547569   0.45583302
 -0.55768854 -0.97389924] evals
0.03671480411425078 rms
(15, 9)
[-0.01773173  0.03370647 -0.4225736  -0.36025665 -0.38593958  0.47824066
 -0.47732089 -0.47536017] evals
0.04118041508586059 rms
(15, 9)
[ 0.41817539  0.34532452 -0.22391086  0.05288762 -0.26100352  0.57292413
 -0.54243453 -0.98808646] evals
0.03620168315475296 rms
(15, 9)
[-0.60631245  0.14143653 -0.26376913 -0.253515   -0.37461829  0.44191034
 -0.10090061 -0.98313459] evals
0.0673055516189677 rms
(15, 9)
[-0.55246517  0.38188728 -0.25743497 -0.23293145 -0.32752477  0.63238649
 -0.52699257 -0.99298854] evals
0.03841139871090977 rms
(15, 9)
[-0.45347952  0.53157859 -0.27406864  0.23240997 -0.30663097  0.53722718
 -0.52990297 -0.93909798] evals
0.036285131097067755 rms
(15, 9)
[-0.81679312 -0.58713743 -0.16687571  0.07732746 -0.34634341  0.59988524
 -0.54900546 -0.58110741] evals
0.04118041508586059 rms
(15, 9)
[-0.24606958 -0.67345726 -0.23097919 -0.29824249 -0.28122579  0.44234642
 -0.52544803 -0.9704168 ] evals
0.03690772668382507 rms
(15, 9)
[-0.77680159  0.28664467 -0.21236975 -0.06375048 -0.46163642  0.64299923
 -0.53459384 -0.95869686] evals
0.035941639204854645 rms
(15, 9)
[-0.81320451  0.09581035 -0.16348312  0.2122085  -0.44504378  0.73016787
 -0.53300023 -0.96346301] evals
0.03603402934636863 rms
(15, 9)
[ 0.7208566   0.31115345 -0.26727498 -0.00865652 -0.21280252  0.74872162
 -0.58349403 -0.72122306] evals
0.04118041508586059 rms
(15, 9)
[-0.6393133   0.         -0.17933231  0.06955189 -0.5012335   0.71466047
 -0.53039284 -0.93736779] evals
0.03638585006491176 rms
differential_evolution step 10: f(x)= 0.0359416
[-0.77680159  0.28664467 -0.21236975 -0.06375048 -0.46163642  0.64299923
 -0.53459384 -0.95869686] iters
10/20 |||||||||||||||||||||||||_________________________ 50.0% GA is running...(15, 9)
[-0.92520539  0.28664467 -0.0936279  -0.0622716  -0.46163642  0.58668691
 -0.55153239 -0.8556277 ] evals
0.04118041508586059 rms
(15, 9)
[-0.97447016  0.16218415 -0.15238181  0.06390152 -0.59586347  0.87170904
 -0.53424284 -0.97828868] evals
0.036463406253994676 rms
(15, 9)
[-0.17129245  0.51084173 -0.16823128  0.08775728 -0.38725201  0.71286877
 -0.51321501 -0.95720722] evals
0.0374627961878508 rms
(15, 9)
[-0.82377225  0.46559372 -0.16882338  0.20095039 -0.25530624  0.59722155
 -0.52693199 -0.9605801 ] evals
0.03629121989689369 rms
(15, 9)
[-0.0234148   0.19353367 -0.14842369 -0.20300749 -0.41494083  0.80688083
 -0.53855887 -0.973658  ] evals
0.036039434256014975 rms
(15, 9)
[-0.421577    0.06863955 -0.37850496 -0.30667298 -0.29721479  0.59853273
 -0.53095701 -0.95194017] evals
0.03597068350849178 rms
(15, 9)
[-0.94970915  0.07590711 -0.17274863 -0.584728   -0.51769384  0.58654693
 -0.54930042  0.53577482] evals
0.04386287531825221 rms
(15, 9)
[-0.34611177  0.0290984  -0.17675695  0.14629867 -0.50323597  0.60808334
 -0.62738505 -0.3206284 ] evals
0.04118041508586059 rms
(15, 9)
[ 0.32121458  0.1245968  -0.15843798  0.15240288 -0.41096564  0.8499507
 -0.51948501 -0.95897957] evals
0.03685964616731374 rms
(15, 9)
[-0.88024424  0.76848595 -0.2886388   0.27731052 -0.41712659  0.73340363
 -0.54804583 -0.96556086] evals
0.03640312596378926 rms
(15, 9)
[-0.25538172 -0.302109   -0.19992187 -0.35769788 -0.53687282  0.3808084
 -0.54584443 -0.97377898] evals
0.036129977763347004 rms
(15, 9)
[-0.9162512   0.11822266 -0.16414232  0.13084182 -0.51943949  0.74760896
 -0.5284613  -0.94836729] evals
0.03596095063536832 rms
(15, 9)
[-0.92908521 -0.16455499 -0.2457375  -0.1855705  -0.45244716  0.41368635
 -0.54063159 -0.95871005] evals
0.036198648429948105 rms
(15, 9)
[-0.75905922 -0.14226044 -0.12710519 -0.08881229 -0.49177951  0.68128655
 -0.51819577 -0.92740747] evals
0.03608762911941168 rms
(15, 9)
[-0.28098906 -0.12907216 -0.15505146 -0.42772545 -0.71731693  0.65163469
 -0.28664598 -0.41965159] evals
0.0425174075621326 rms
(15, 9)
[-0.92604693  0.67373171 -0.20561305  0.09823497 -0.52117201  0.47848285
 -0.41814152 -0.06005326] evals
0.04118041508586059 rms
(15, 9)
[-0.58993313  0.42820762 -0.24802948  0.10741955 -0.37204888  0.60845759
 -0.53188269 -0.94736942] evals
0.036111854560497855 rms
(15, 9)
[-0.67483761  0.29924785 -0.22406027 -0.34401965 -0.35862724  0.60832465
 -0.57869    -0.94884174] evals
0.04020327418811088 rms
(15, 9)
[-0.11556837  0.34336078 -0.18143532 -0.58428643 -0.66089225  0.62915166
 -0.2851222  -0.40410733] evals
0.043752413621762846 rms
(15, 9)
[-0.95802025  0.58444116 -0.12291372  0.34985414 -0.52084253  0.81776115
 -0.52579591 -0.94151523] evals
0.03603090405595371 rms
(15, 9)
[-0.80825226 -0.38544614 -0.18890633 -0.53577146 -0.51508989  0.57216525
 -0.52975577 -0.95573137] evals
0.038380588586445254 rms
(15, 9)
[-0.77058046  0.89376343 -0.4225736  -0.36025665 -0.45866521  0.60548362
 -0.52823198 -0.94018711] evals
0.03615036013644239 rms
(15, 9)
[ 0.35014799 -0.04798472 -0.33905921  0.05288762 -0.48437895  0.50734211
 -0.5246424  -0.94010691] evals
0.03602275578084692 rms
(15, 9)
[-0.87062219 -0.1876997  -0.1393136   0.33612108 -0.74901248  0.55216835
 -0.10090061 -0.00643535] evals
0.04118041508586059 rms
(15, 9)
[-0.13340374  0.62077325 -0.14578955  0.07292381 -0.42117167  0.63238649
 -0.53476431 -0.93282342] evals
0.03689053729102828 rms
(15, 9)
[-0.49023988  0.53157859 -0.22618875 -0.27411484 -0.34408238  0.41995248
 -0.47083374 -0.86057802] evals
0.036613194648927906 rms
(15, 9)
[-0.9798101  -0.21519502 -0.23300283 -0.41378195 -0.534719    0.41012092
 -0.54138333 -0.99325012] evals
0.03674128558680895 rms
(15, 9)
[-0.39087893  0.7979442  -0.19262533 -0.05150918 -0.50174174  0.66477792
 -0.53044034 -0.94639082] evals
0.03608649594378313 rms
(15, 9)
[-0.01449812  0.57496375 -0.26576155  0.07776887 -0.15172647  0.5171667
 -0.54361082 -0.52479012] evals
0.04118041508586059 rms
(15, 9)
[-0.63163825  0.81078508 -0.27384589 -0.35011661 -0.40808073  0.54470554
 -0.53300023 -0.96248806] evals
0.03602393983528901 rms
(15, 9)
[-0.86170607  0.31115345 -0.24701617 -0.2459511  -0.58088781  0.66945707
 -0.53360753 -0.92956501] evals
0.036955839381484536 rms
(15, 9)
[-0.58715927  0.         -0.22942568 -0.12059836 -0.5012335   0.71466047
 -0.53039284 -0.9671549 ] evals
0.03628904424332239 rms
differential_evolution step 11: f(x)= 0.0359416
[-0.77680159  0.28664467 -0.21236975 -0.06375048 -0.46163642  0.64299923
 -0.53459384 -0.95869686] iters
11/20 ||||||||||||||||||||||||||||______________________ 55.0% GA is running...(15, 9)
[-0.77680159  0.29301879 -0.21213885 -0.03273899 -0.46163642  0.64287398
 -0.53459384 -0.95888922] evals
0.03593636467945199 rms
(15, 9)
[-0.77557852  0.30769645 -0.20868266  0.14944825 -0.45284515  0.64810358
 -0.53296767 -0.95584053] evals
0.03595009125728657 rms
(15, 9)
[-0.78290197 -0.41944073 -0.2080695  -0.5034152  -0.34260467  0.64973159
 -0.54822251 -0.99319088] evals
0.03750841219146397 rms
(15, 9)
[-0.79081273  0.32097663 -0.19954727 -0.0123166  -0.46746445  0.65991511
 -0.52693199 -0.95614943] evals
0.03611926674509548 rms
(15, 9)
[-0.78668016  0.30938859 -0.21446641 -0.01893505 -0.46337469  0.64704194
 -0.53523896 -0.96020641] evals
0.03592797864297731 rms
(15, 9)
[-4.21576995e-01  3.18168833e-01 -3.78504962e-01  3.20518508e-04
 -2.97214790e-01  6.44224881e-01 -5.61868588e-01  8.83042608e-01] evals
0.04118041508586059 rms
(15, 9)
[ 0.57710674  0.34615725 -0.21419249 -0.17730645 -0.46050709  0.68863351
 -0.53813925 -0.95912857] evals
0.03606324009103317 rms
(15, 9)
[-0.8047273  -0.3367105  -0.21689607  0.03069001 -0.44488369  0.74550919
 -0.52798262 -0.95094452] evals
0.035975952421684304 rms
(15, 9)
[-0.77401961 -0.2858306  -0.22841897 -0.03366434 -0.45956638  0.64455043
 -0.53253945 -0.961724  ] evals
0.03601446366504038 rms
(15, 9)
[-0.79368876  0.3379784  -0.21115115 -0.01264111 -0.41712659  0.6471739
 -0.54804583 -0.96004445] evals
0.03663571779930762 rms
(15, 9)
[-0.77838598  0.23207629 -0.21725763 -0.02856894 -0.53687282  0.63969467
 -0.53619559 -0.9621359 ] evals
0.03591592257224326 rms
(15, 9)
[-0.78678695  0.19866977 -0.21445209 -0.05075339 -0.54910242  0.65084529
 -0.5284613  -0.96389911] evals
0.036307383255924364 rms
(15, 9)
[-0.78629674  0.24475137 -0.2087354   0.00927756 -0.54034487  0.41368635
 -0.53445703 -0.95871005] evals
0.03593539301979704 rms
(15, 9)
[-0.70436335  0.18126862 -0.21618711 -0.07273866 -0.57105183  0.63465344
 -0.51819577 -0.90391798] evals
0.0369874023394331 rms
(15, 9)
[-0.71663012  0.30263622 -0.22748639 -0.01638666 -0.5221553   0.61837307
 -0.52943016 -0.78893045] evals
0.04118041508586059 rms
(15, 9)
[-0.792297    0.2174757  -0.28567797  0.54370371 -0.54014047  0.47848285
 -0.53926156 -0.96274824] evals
0.036017677861086665 rms
(15, 9)
[-0.79333729  0.25101161 -0.21103301 -0.08493051 -0.54067644  0.65442716
 -0.5351608  -0.96138449] evals
0.03589860698739848 rms
(15, 9)
[-0.67483761  0.30557836 -0.21462597 -0.34401965 -0.53198809  0.64133788
 -0.53528149 -0.96064   ] evals
0.03598600447848939 rms
(15, 9)
[-0.77058474  0.20509816 -0.21551032 -0.58428643 -0.3991168   0.63924
 -0.5215321  -0.96538299] evals
0.03956361649686056 rms
(15, 9)
[-0.95802025  0.21129497 -0.21192706 -0.07590347 -0.54061733  0.6516568
 -0.53480889 -0.96154759] evals
0.03589540846884753 rms
(15, 9)
[-0.66198734 -0.38544614 -0.1918584  -0.10812313 -0.52819054  0.6525433
 -0.53567397 -0.96371451] evals
0.03590523413465668 rms
(15, 9)
[-0.95784381  0.21604725 -0.21138818 -0.06471616 -0.53533669  0.65218525
 -0.53460603 -0.96115197] evals
0.03589586245101825 rms
(15, 9)
[ 0.35014799 -0.04798472 -0.20270529 -0.05948206 -0.54587729  0.50734211
 -0.53387852 -0.94010691] evals
0.03650443790326192 rms
(15, 9)
[ 0.62541396  0.20531812 -0.20968806 -0.06451394 -0.53775471  0.55216835
 -0.53487164 -0.00643535] evals
0.04118041508586059 rms
(15, 9)
[-0.95794338  0.62077325 -0.21170986  0.44933211 -0.54006485  0.65198545
 -0.52699257 -0.961356  ] evals
0.03631852579029523 rms
(15, 9)
[-0.9525213   0.18493564 -0.21750983 -0.0999612  -0.53064846  0.63362888
 -0.53592938 -0.9631838 ] evals
0.03588637977277095 rms
(15, 9)
[-0.53610799  0.19860268 -0.22104495 -0.05821381 -0.53309353  0.61878654
 -0.53648672 -0.97368081] evals
0.03608461549253156 rms
(15, 9)
[-0.93880517  0.11241795 -0.19262533 -0.12418339 -0.53762816  0.6285473
 -0.53515188 -0.94639082] evals
0.03633245662432025 rms
(15, 9)
[-0.57192711  0.21574477 -0.21650072 -0.11259017 -0.53372131  0.63467677
 -0.54361082 -0.96258994] evals
0.0362339244277907 rms
(15, 9)
[-0.63163825  0.22667613 -0.27384589 -0.06774155 -0.54307524  0.63274239
 -0.5350643  -0.96248806] evals
0.035905658790233365 rms
(15, 9)
[-0.93851016  0.20635684 -0.22341338 -0.09803827 -0.5332448   0.66945707
 -0.53707885 -0.9660918 ] evals
0.03589331495350704 rms
(15, 9)
[-0.58715927  0.         -0.21831839 -0.12068006 -0.51336625  0.60771353
 -0.53039284 -0.95205027] evals
0.03594368020683037 rms
differential_evolution step 12: f(x)= 0.0358864
[-0.9525213   0.18493564 -0.21750983 -0.0999612  -0.53064846  0.63362888
 -0.53592938 -0.9631838 ] iters
12/20 ||||||||||||||||||||||||||||||____________________ 60.0% GA is running...(15, 9)
[ 0.91546402 -0.18432495 -0.2306746  -0.0999612  -0.47772996  0.67076383
 -0.53592938  0.17846915] evals
0.04118041508586059 rms
(15, 9)
[-0.33718504  0.57053586 -0.15671348  0.40596412 -0.52770297  0.65245706
 -0.52803168 -0.96207614] evals
0.03626624300321854 rms
(15, 9)
[ 0.18464608  0.86313378 -0.23397136  0.15205682 -0.45692754  0.62928489
 -0.54822251 -0.99319088] evals
0.03603803130475273 rms
(15, 9)
[-0.98606033  0.56972858 -0.19954727 -0.0123166  -0.57849115  0.65991511
 -0.55252863 -0.95614943] evals
0.03715511600027954 rms
(15, 9)
[-0.67323412  0.29301879 -0.23946497 -0.58855079 -0.3921409   0.49350701
 -0.52259451 -0.9363575 ] evals
0.037667287148679514 rms
(15, 9)
[-0.421577    0.22463963 -0.37850496 -0.30667298 -0.46070862  0.67990479
 -0.53872552 -0.96170495] evals
0.036022924209679626 rms
(15, 9)
[ 0.57710674  0.77865985 -0.21419249 -0.17730645 -0.53837625  0.64866229
 -0.53044281 -0.95772943] evals
0.03602062222798361 rms
(15, 9)
[-0.8047273   0.57532782 -0.21689607  0.07382095 -0.3267464   0.73097232
 -0.96048241 -0.9612922 ] evals
0.04118041508586059 rms
(15, 9)
[-0.50374312 -0.49982176 -0.30543844 -0.67135377 -0.41332201  0.64455043
 -0.51920901 -0.94985677] evals
0.037742902158904995 rms
(15, 9)
[ 0.091622    0.12542011 -0.21174627  0.24571876 -0.53882506  0.41088562
 -0.54804583 -0.96129545] evals
0.03658099748512344 rms
(15, 9)
[-0.98012516 -0.36887184 -0.20535076  0.41476906 -0.66173659  0.64704194
 -0.55056157 -0.96020641] evals
0.036812558444122664 rms
(15, 9)
[-0.09552843  0.12829882 -0.19055954  0.32761982 -0.51943949  0.78685771
 -0.6437355  -0.94836729] evals
0.04118041508586059 rms
(15, 9)
[-0.22052729 -0.92525541 -0.24125728  0.00927756 -0.47501629  0.71261956
 -0.53445703 -0.95871005] evals
0.03593539301979704 rms
(15, 9)
[-0.38416412 -0.14226044 -0.22353285 -0.16793275 -0.52709866  0.68128655
 -0.53679359 -0.96705441] evals
0.035930630825333994 rms
(15, 9)
[ 0.77759801  0.36858845 -0.25999617  0.03000976 -0.30008286  0.68797648
 -0.42427535 -0.19961105] evals
0.04118041508586059 rms
(15, 9)
[-0.92491745  0.73874313 -0.2296689  -0.61469147 -0.39956033  0.5283792
 -0.52129718 -0.92432629] evals
0.038421264468907645 rms
(15, 9)
[ 0.04121969  0.23207629 -0.2934424  -0.02856894 -0.40976239  0.63969467
 -0.54853659 -0.96727013] evals
0.03636522436585291 rms
(15, 9)
[ 0.59828205  0.67599278 -0.20084623 -0.34401965 -0.60478513  0.64133788
 -0.53528149 -0.9626241 ] evals
0.03599148087454877 rms
(15, 9)
[-0.50789587  0.67897465 -0.19841703 -0.11832671 -0.3991168   0.65506057
 -0.5215321  -0.93396706] evals
0.03605563086294264 rms
(15, 9)
[ 0.18490329  0.25101161 -0.21103301  0.28324162 -0.61206728  0.65442716
 -0.52716163 -0.93339751] evals
0.0363351881726279 rms
(15, 9)
[ 0.63484823 -0.35514707 -0.1918584   0.00724144 -0.53524614  0.61805222
 -0.53567397 -0.96783984] evals
0.036008843691448224 rms
(15, 9)
[-0.95784381  0.21604725 -0.24763408 -0.06471616 -0.56147229  0.63820715
 -0.53460603 -0.98246002] evals
0.03662042849123676 rms
(15, 9)
[-0.94137687  0.75998621 -0.21177318  0.05288762 -0.48437895  0.50734211
 -0.5429528  -0.94010691] evals
0.03718110728325398 rms
(15, 9)
[-0.93761555 -0.1876997  -0.22644826  0.05831592 -0.51634435  0.62207202
 -0.54183493 -0.96288156] evals
0.036120791898424945 rms
(15, 9)
[-0.63248446  0.62311885 -0.20879498 -0.2722516  -0.53543247  0.59454152
 -0.53444987 -0.961356  ] evals
0.03592151535209371 rms
(15, 9)
[-0.04394719  0.21129497 -0.3566688   0.01848131 -0.56878     0.6516568
 -0.64031094  0.76804187] evals
0.04118041508586059 rms
(15, 9)
[ 0.08940952  0.19860268 -0.16402104 -0.22251438 -0.56959129  0.53175499
 -0.53610225 -0.99021811] evals
0.03697920645855287 rms
(15, 9)
[-0.97161074  0.18976731 -0.20627116 -0.05150918 -0.53786203  0.61621239
 -0.53370835 -0.94639082] evals
0.03624150690228729 rms
(15, 9)
[-0.66811486  0.38721616 -0.24692681  0.07232919 -0.34503222  0.67271624
 -0.53740888 -0.98133536] evals
0.03632345839695233 rms
(15, 9)
[ 0.65594039  0.22667613 -0.20879498 -0.2722516  -0.53543247  0.59454152
 -0.53444987 -0.95690769] evals
0.035990484974973765 rms
(15, 9)
[-0.9732843  -0.29482841 -0.2078905   0.3756009  -0.5332448   0.99075049
 -0.53707885  0.98668126] evals
0.04118041508586059 rms
(15, 9)
[ 0.62166796  0.         -0.21831839  0.11254588 -0.44236376  0.64865888
 -0.53039284 -0.95667959] evals
0.035995629027427395 rms
differential_evolution step 13: f(x)= 0.0358864
[-0.9525213   0.18493564 -0.21750983 -0.0999612  -0.53064846  0.63362888
 -0.53592938 -0.9631838 ] iters
13/20 ||||||||||||||||||||||||||||||||__________________ 65.0% GA is running...(15, 9)
[-0.99320046 -0.01621787 -0.21750983  0.01739123 -0.53064846  0.66625349
 -0.53592938 -0.96014735] evals
0.03595778937362058 rms
(15, 9)
[-0.98760783  0.21613347 -0.22895995 -0.07664203 -0.50915658  0.63112566
 -0.53296767 -0.96256041] evals
0.036013724849115525 rms
(15, 9)
[-0.87475177  0.86313378 -0.22212547  0.15205682 -0.45692754  0.62928489
 -0.53666339 -0.96496844] evals
0.03588651803742766 rms
(15, 9)
[-0.52800496  0.32097663 -0.21654988 -0.14654316 -0.46746445  0.63643738
 -0.53412771 -0.96180377] evals
0.035935218280585074 rms
(15, 9)
[-0.7737959   0.29301879 -0.24813966 -0.0863033  -0.53358068  0.56933962
 -0.53285561 -0.95735762] evals
0.035910352062998405 rms
(15, 9)
[-0.421577    0.2141685  -0.21847388 -0.08562337 -0.29721479  0.63201809
 -0.53095701 -0.96288767] evals
0.03608237573729726 rms
(15, 9)
[ 0.57710674  0.1022455  -0.21419249 -0.06312978 -0.51468939  0.58826657
 -0.53280894 -0.95659286] evals
0.03592423473038808 rms
(15, 9)
[-0.8047273   0.11225346 -0.21784204 -0.12880878 -0.52328662  0.62361296
 -0.52798262 -0.96002516] evals
0.03618910937081131 rms
(15, 9)
[-0.90703813  0.37263881 -0.20860931 -0.09786143 -0.45956638  0.64803257
 -0.53253945 -0.961724  ] evals
0.03601446366504038 rms
(15, 9)
[-0.88024424  0.51829341 -0.2886388  -0.10315679 -0.49022484  0.63441725
 -0.54804583 -0.95386742] evals
0.03691348111582855 rms
(15, 9)
[-0.78668016  0.18096064 -0.22036539 -0.09442112 -0.52829214  0.6233345
 -0.53645484 -0.96698371] evals
0.035945692513560286 rms
(15, 9)
[-0.9162512   0.02981394 -0.23118156 -0.21778548 -0.51943949  0.50594543
 -0.5284613  -0.91387   ] evals
0.03731558526074779 rms
(15, 9)
[-0.95949242  0.21253771 -0.23607248  0.00927756 -0.53497203  0.60915309
 -0.53862824 -0.9687348 ] evals
0.035880679074967864 rms
(15, 9)
[-0.99718641  0.23234656 -0.23423814 -0.01544079 -0.53377934  0.60946334
 -0.53679359 -0.96705441] evals
0.035930630825333994 rms
(15, 9)
[-0.28098906  0.24012991 -0.21382025 -0.2687417  -0.53241885  0.66015641
 -0.53738175 -0.96807454] evals
0.03593332791277243 rms
(15, 9)
[-0.83680109  0.2174757  -0.28567797  0.54370371 -0.54014047  0.61247425
 -0.53897627 -0.96823454] evals
0.03587582514369771 rms
(15, 9)
[-0.77838598  0.29867751 -0.24586243  0.50336862 -0.53687282  0.65767106
 -0.53619559 -0.9621359 ] evals
0.03591592257224326 rms
(15, 9)
[-0.65003555  0.20883431 -0.21462597 -0.34401965 -0.54094008  0.64133788
 -0.53528149 -0.96844132] evals
0.036135737330191285 rms
(15, 9)
[-0.93698149  0.33417958 -0.28263725  0.5508501  -0.3991168   0.62510147
 -0.5215321  -0.93396706] evals
0.03605563086294264 rms
(15, 9)
[-0.91498449  0.25101161 -0.21103301  0.75177696 -0.54852568  0.61396523
 -0.5351608  -0.97330317] evals
0.03616550292750253 rms
(15, 9)
[-0.63087711 -0.38544614 -0.1918584   0.49024242 -0.5398818   0.60956145
 -0.53567397 -0.9688555 ] evals
0.036044296380537 rms
(15, 9)
[-0.96641108 -0.13787808 -0.29327913 -0.06471616 -0.52233353  0.63775786
 -0.53820655 -0.96966068] evals
0.035924032239856664 rms
(15, 9)
[-0.91975493  0.16431599 -0.33905921  0.75296623 -0.60124492  0.63229976
 -0.53752481 -0.96413159] evals
0.035918653942129355 rms
(15, 9)
[-0.86698115  0.39425342 -0.27824397  0.43367907 -0.51510302  0.60358421
 -0.53912277 -0.96912164] evals
0.0358653482140667 rms
(15, 9)
[-0.87263319  0.19190661 -0.2790049   0.44922076 -0.50931197  0.63442241
 -0.53444987 -0.96622098] evals
0.036041982332193356 rms
(15, 9)
[-0.77934589  0.27078022 -0.25947634  0.2600636  -0.5145591   0.60487744
 -0.53638871 -0.96154759] evals
0.03594045662029379 rms
(15, 9)
[-0.91712921  0.19860268 -0.27121333  0.24532907 -0.51396679  0.60727538
 -0.5393994  -0.97036056] evals
0.035882050847592044 rms
(15, 9)
[-0.9309695   0.26721315 -0.30232237 -0.05150918 -0.51657748  0.60920042
 -0.54054036 -0.94639082] evals
0.03670168565874007 rms
(15, 9)
[-0.57192711  0.36907981 -0.24692681  0.39782369 -0.51681698  0.6475342
 -0.53569716 -0.96223374] evals
0.035897539966356695 rms
(15, 9)
[-0.92725594  0.57247202 -0.2836752  -0.06774155 -0.54294357  0.56097705
 -0.54188222 -0.97416697] evals
0.03585116973899653 rms
(15, 9)
[-0.93851016  0.20635684 -0.22341338 -0.03097373 -0.54506741  0.66945707
 -0.53707885 -0.97573924] evals
0.03611872479232173 rms
(15, 9)
[-0.97296772  0.         -0.3121496   0.19510283 -0.51336625  0.58069506
 -0.54334453 -0.97628846] evals
0.035846244868155686 rms
differential_evolution step 14: f(x)= 0.0358462
[-0.97296772  0.         -0.3121496   0.19510283 -0.51336625  0.58069506
 -0.54334453 -0.97628846] iters
14/20 |||||||||||||||||||||||||||||||||||_______________ 70.0% GA is running...(15, 9)
[-0.91357857 -0.27392497 -0.28720854  0.32690753 -0.58318509  0.58069506
 -0.54334453 -0.97429151] evals
0.035890467834907 rms
(15, 9)
[-0.98047997  0.00954452 -0.29251618  0.23438234 -0.45284515  0.64810358
 -0.54473416 -0.95584053] evals
0.036584734087618316 rms
(15, 9)
[-0.99100248 -0.3671679  -0.22212547  0.15205682 -0.46165087  0.68341191
 -0.53666339 -0.97254926] evals
0.03610249049985903 rms
(15, 9)
[ 0.34272032  0.11855459 -0.31240234  0.0313281  -0.52345237  0.61163864
 -0.54478616 -0.97864817] evals
0.03584179206720158 rms
(15, 9)
[ 0.22359214 -0.11795838 -0.35722948 -0.0863033  -0.53358068  0.62209444
 -0.54742531 -0.95735762] evals
0.03671043412950354 rms
(15, 9)
[ 0.45780942  0.29795908 -0.25207524  0.00470889 -0.48816514  0.65094163
 -0.53873586 -0.96672587] evals
0.03589960611138351 rms
(15, 9)
[ 0.36065766  0.3291413  -0.35423557  0.03608696 -0.51468939  0.5587672
 -0.54891031 -0.98600599] evals
0.03581854217110386 rms
(15, 9)
[ 0.36014573  0.37600742 -0.41666405  0.10283952 -0.44488369  0.47694476
 -0.55528784 -0.99882931] evals
0.03579067554148992 rms
(15, 9)
[ 0.15734237  0.25661849 -0.47038246  0.30990777 -0.49410997  0.64803257
 -0.53253945 -0.99993587] evals
0.038093083835950024 rms
(15, 9)
[-0.4315544   0.31957059 -0.34669873  0.07279592 -0.45601421  0.50650349
 -0.54822311 -0.98777946] evals
0.035869802153367554 rms
(15, 9)
[ 0.64748008  0.30938859 -0.39665388 -0.01893505 -0.44420628  0.5298961
 -0.55792684  0.92690915] evals
0.04118041508586059 rms
(15, 9)
[ 0.8220503   0.11822266 -0.42105845  0.08143612 -0.51943949  0.50741747
 -0.55568852 -0.99779527] evals
0.03578604751664603 rms
(15, 9)
[ 0.81077768  0.18493564 -0.41404707  0.1008648  -0.52065919  0.49734702
 -0.55424673 -0.99491507] evals
0.03579972287711203 rms
(15, 9)
[ 0.16059951  0.09716118 -0.35919852  0.01007565 -0.53045418  0.60946334
 -0.53679359 -0.98109165] evals
0.03636527779115952 rms
(15, 9)
[-0.28098906  0.25228922 -0.38559971 -0.10472641 -0.53241885  0.49067468
 -0.55662023 -0.73469467] evals
0.04118041508586059 rms
(15, 9)
[-0.47070642 -0.21130626 -0.43852087 -0.00447609 -0.53497203  0.60915309
 -0.55689689 -0.99881995] evals
0.03580320497858629 rms
(15, 9)
[ 0.95126027  0.16215592 -0.40615816  0.17757578 -0.53687282  0.52994692
 -0.55345779 -0.99125694] evals
0.03585982606288634 rms
(15, 9)
[ 0.98327879 -0.22683206 -0.4026601   0.07555608 -0.53198809  0.64133788
 -0.55486939 -0.99640917] evals
0.03578927519762637 rms
(15, 9)
[ 0.65455532 -0.14928544 -0.49700989  0.67919627 -0.3991168   0.52943267
 -0.55748138 -0.93396706] evals
0.038887154981369555 rms
(15, 9)
[ 0.78674192  0.26634183 -0.39882543 -0.08493051 -0.53029338  0.47651973
 -0.5351608  -0.9972835 ] evals
0.03743511260378667 rms
(15, 9)
[ 0.32134999  0.09493624 -0.48362554 -0.10812313 -0.51819899  0.45566128
 -0.56339254  0.69284926] evals
0.04118041508586059 rms
(15, 9)
[ 0.171058    0.21604725 -0.21138818 -0.06471616 -0.52534487  0.48275474
 -0.54873233 -0.98538167] evals
0.03582499074155874 rms
(15, 9)
[-0.26128693  0.75373457 -0.33905921  0.12604039 -0.47567493  0.50038989
 -0.54507339 -0.97946354] evals
0.035834893952548304 rms
(15, 9)
[ 0.42808203 -0.12640171 -0.28567797  0.32912428 -0.47480176  0.61247425
 -0.54196261 -0.96823454] evals
0.03598435331625199 rms
(15, 9)
[-0.63248446 -0.076623   -0.43826582 -0.12598473 -0.53543247  0.48152602
 -0.53444987  0.62935675] evals
0.04118041508586059 rms
(15, 9)
[-0.95802025  0.20174075 -0.46024625  0.38381492 -0.50452874  0.6516568
 -0.55799858 -0.57452669] evals
0.04118041508586059 rms
(15, 9)
[-0.29757039  0.44532427 -0.35107832  0.24532907 -0.44196799  0.49795072
 -0.53625099 -0.97036056] evals
0.0360574072757913 rms
(15, 9)
[-0.39470421 -0.0140333  -0.47383121 -0.05150918 -0.53029709  0.66477792
 -0.53044034  0.56392232] evals
0.04118041508586059 rms
(15, 9)
[ 0.74396813  0.30565231 -0.46341297  0.09145826 -0.52076136  0.45293076
 -0.53569716 -0.46494162] evals
0.04118041508586059 rms
(15, 9)
[ 0.76948874  0.03642432 -0.43600151  0.12949203 -0.51510302  0.48492942
 -0.55816893 -0.96912164] evals
0.03696835942552825 rms
(15, 9)
[ 0.98238749  0.20635684 -0.36812923 -0.30278266 -0.59469681  0.52341762
 -0.56393403 -0.9660918 ] evals
0.03759576375411162 rms
(15, 9)
[ 0.88612233 -0.20701472 -0.2836752  -0.06774155 -0.54294357  0.50472287
 -0.54188222 -0.41693504] evals
0.04118041508586059 rms
differential_evolution step 15: f(x)= 0.035786
[ 0.8220503   0.11822266 -0.42105845  0.08143612 -0.51943949  0.50741747
 -0.55568852 -0.99779527] iters
15/20 ||||||||||||||||||||||||||||||||||||||____________ 75.0% GA is running...(15, 9)
[ 0.8220503   0.1067813  -0.42733255  0.07429092 -0.52371059  0.50521168
 -0.55640343 -0.99917493] evals
0.035780265727888214 rms
(15, 9)
[-0.77557852  0.10835344 -0.42798734  0.14944825 -0.52374292  0.5015826
 -0.55638618 -0.99923315] evals
0.03577883615910146 rms
(15, 9)
[-0.79040186  0.15421067 -0.42900062  0.15006898 -0.51959178  0.50130974
 -0.53666339 -0.99911275] evals
0.0373796825915511 rms
(15, 9)
[-0.78897182  0.10121139 -0.4258161   0.12024602 -0.5251862   0.58069506
 -0.54334453 -0.99918178] evals
0.036638099453676125 rms
(15, 9)
[-0.7737959   0.1036931  -0.42918335  0.14965962 -0.53358068  0.49930944
 -0.53285561 -0.9996474 ] evals
0.037996121091384324 rms
(15, 9)
[ 0.45780942  0.06249621 -0.42697407  0.00470889 -0.52789406  0.50185546
 -0.55657579 -0.99935356] evals
0.03578155917128534 rms
(15, 9)
[ 0.34272032  0.07794328 -0.31240234  0.0313281  -0.52767492  0.51090045
 -0.55578656 -0.99813954] evals
0.03578256131516951 rms
(15, 9)
[ 0.36065766  0.3291413  -0.42731055  0.15421293 -0.52306171  0.49529509
 -0.55635633 -0.99925463] evals
0.03577773636379943 rms
(15, 9)
[ 0.3676195   0.32820689 -0.20860931  0.15260271 -0.52307496  0.49474795
 -0.55640407 -0.961724  ] evals
0.03719075874221173 rms
(15, 9)
[ 0.32217698  0.32662928 -0.43078231  0.18530953 -0.52194552  0.49209627
 -0.55647838 -0.99939291] evals
0.035778406945638754 rms
(15, 9)
[-0.78668016  0.31285557 -0.21446641 -0.01893505 -0.46337469  0.64704194
 -0.55642381 -0.96020641] evals
0.03726414535376467 rms
(15, 9)
[ 0.36014573  0.34692426 -0.41409235  0.12841572 -0.52381003  0.47694476
 -0.55503119 -0.99882931] evals
0.03580383310871744 rms
(15, 9)
[ 0.44042565  0.33626993 -0.41404707  0.16813288 -0.52199975  0.49734702
 -0.55765975 -0.99491507] evals
0.03592107566225552 rms
(15, 9)
[ 0.43682527  0.23234656 -0.43627198 -0.01544079 -0.53377934  0.60946334
 -0.55847026 -0.34043372] evals
0.04118041508586059 rms
(15, 9)
[ 0.38280305  0.3032039  -0.43655616  0.12105305 -0.53241885  0.49509419
 -0.53738175 -0.96807454] evals
0.035926319096302874 rms
(15, 9)
[ 0.46511566 -0.21130626 -0.42599009 -0.00447609 -0.52385595  0.60915309
 -0.55617919 -0.99881995] evals
0.035780731353803046 rms
(15, 9)
[ 0.95126027  0.16215592 -0.42369168  0.13545802 -0.52374998  0.48776273
 -0.55345779 -0.99125694] evals
0.03585982606288634 rms
(15, 9)
[ 0.46261683 -0.22683206 -0.43892006  0.15111628 -0.52691689  0.48731406
 -0.55741996  0.13569041] evals
0.04118041508586059 rms
(15, 9)
[ 0.33274761  0.34259205 -0.42730922  0.15904748 -0.52302246  0.62510147
 -0.5215321  -0.99925945] evals
0.040177015902372944 rms
(15, 9)
[-0.79333729  0.29925554 -0.42881081 -0.08493051 -0.52668447  0.49639901
 -0.5351608  -0.9990892 ] evals
0.03755806470312268 rms
(15, 9)
[ 0.43430362 -0.38544614 -0.43277148  0.14690994 -0.52734128  0.48813391
 -0.5575131  -0.96371451] evals
0.037180999920073496 rms
(15, 9)
[ 0.25318858  0.35804649 -0.41571886 -0.06471616 -0.52358727  0.49608688
 -0.55516414 -0.99713595] evals
0.035784189207880054 rms
(15, 9)
[ 0.36436106  0.75373457 -0.33905921  0.12604039 -0.5220698   0.48858716
 -0.55740947 -0.76836748] evals
0.04118041508586059 rms
(15, 9)
[-0.83680109  0.2174757  -0.42560942  0.14757385 -0.52366919  0.50432285
 -0.556259   -0.96823454] evals
0.03686420823692862 rms
(15, 9)
[ 0.39961787  0.3025315  -0.44080568  0.15341403 -0.52438316  0.48509082
 -0.53444987 -0.42628887] evals
0.04118041508586059 rms
(15, 9)
[ 0.43145122  0.21129497 -0.21192706  0.13545802 -0.54061733  0.4885692
 -0.55730995 -0.96154759] evals
0.037269017723288604 rms
(15, 9)
[-0.91712921  0.31042611 -0.4332195   0.24532907 -0.52608574  0.49128171
 -0.55684664 -0.07672507] evals
0.04118041508586059 rms
(15, 9)
[-0.39087893  0.7979442  -0.43814876  0.16876197 -0.5224254   0.49081607
 -0.55777791 -0.94639082] evals
0.03813900925257834 rms
(15, 9)
[-0.57192711  0.36818098 -0.42193121  0.15279697 -0.51681698  0.49522295
 -0.55567201 -0.99805875] evals
0.0357810973319188 rms
(15, 9)
[ 0.37286888  0.33368793 -0.43782336  0.16867632 -0.52204766  0.60358421
 -0.55773651  0.89775397] evals
0.04118041508586059 rms
(15, 9)
[ 0.28642767  0.20635684 -0.4189374  -0.09803827 -0.5332448   0.50295563
 -0.55537849 -0.99745758] evals
0.035784034246424574 rms
(15, 9)
[ 0.44176525  0.33470095 -0.44089857  0.16612701 -0.52256577  0.56097705
 -0.55651196 -0.99964945] evals
0.03577492096174846 rms
differential_evolution step 16: f(x)= 0.0357749
[ 0.44176525  0.33470095 -0.44089857  0.16612701 -0.52256577  0.56097705
 -0.55651196 -0.99964945] iters
16/20 ||||||||||||||||||||||||||||||||||||||||__________ 80.0% GA is running...(15, 9)
[ 0.99445945  0.33470095 -0.44089857  0.10112424 -0.48709005  0.56097705
 -0.55651196  0.31603447] evals
0.04118041508586059 rms
(15, 9)
[ 0.38878162  0.1067813  -0.42733255  0.07429092 -0.52780824  0.55349924
 -0.55612788 -0.99900758] evals
0.03577632314792768 rms
(15, 9)
[-0.87475177  0.86313378 -0.57779931  0.15205682 -0.45754355  0.43830761
 -0.57146644 -0.96496844] evals
0.03836074049404246 rms
(15, 9)
[ 0.31976985  0.38631975 -0.42128614  0.19510283 -0.51425334  0.56191138
 -0.57324905 -0.97628846] evals
0.03786379464807178 rms
(15, 9)
[-0.7737959   0.15130431 -0.43283345  0.19285306 -0.51439984  0.56708406
 -0.57439926 -0.0657934 ] evals
0.04118041508586059 rms
(15, 9)
[ 0.83895527  0.40826118 -0.42697407  0.00470889 -0.51583696  0.5081256
 -0.55474139 -0.99935356] evals
0.03583195840948586 rms
(15, 9)
[ 0.40604541  0.94240556 -0.38108185 -0.20249786 -0.44424432  0.57679951
 -0.55433504 -0.99813954] evals
0.03582193378330686 rms
(15, 9)
[ 0.52745283  0.50690462 -0.5033172   0.14944825 -0.49855127  0.5015826
 -0.56057227  0.23336562] evals
0.04118041508586059 rms
(15, 9)
[-0.90703813  0.9197825  -0.44162042  0.21941303 -0.4976717   0.64803257
 -0.55158598 -0.98334409] evals
0.035974725527836315 rms
(15, 9)
[ 0.32217698 -0.21501595 -0.43078231 -0.16654834 -0.52194552  0.49209627
 -0.55300552 -0.99339407] evals
0.03579430997838612 rms
(15, 9)
[-0.65127995  0.30938859 -0.44564499  0.02674393 -0.46337469  0.56721969
 -0.55736261 -0.01881422] evals
0.04118041508586059 rms
(15, 9)
[-0.85922766  0.72051438 -0.29521999  0.40124796 -0.51325793  0.55920971
 -0.54071853 -0.97286297] evals
0.03587755120248745 rms
(15, 9)
[ 0.54056478 -0.21808889 -0.4496764   0.06511969 -0.59689584  0.68541383
 -0.55735091 -0.99491507] evals
0.03591036919916174 rms
(15, 9)
[ 0.40406291  0.82933806 -0.59467132 -0.03554392 -0.53377934  0.60946334
 -0.56824255  0.38172239] evals
0.04118041508586059 rms
(15, 9)
[-0.1157153  -0.13997855 -0.60829447  0.12105305 -0.51341269  0.59845019
 -0.57846452 -0.13535389] evals
0.04118041508586059 rms
(15, 9)
[ 0.56942486  0.08609431 -0.43731418 -0.00385746 -0.52816464  0.57016257
 -0.55617919 -0.99961241] evals
0.035770115605899065 rms
(15, 9)
[-0.06655061 -0.30879814 -0.38420885  0.39598083 -0.45610679  0.68754327
 -0.53402171 -0.95679034] evals
0.03596734002573548 rms
(15, 9)
[ 0.11566415  0.1352186  -0.64958048  0.19001785 -0.53198809  0.42019562
 -0.55486939 -0.75384199] evals
0.04118041508586059 rms
(15, 9)
[ 0.50737079  0.33417958 -0.31545399 -0.02673864 -0.3991168   0.50678333
 -0.54842219 -0.99297153] evals
0.03601758343350394 rms
(15, 9)
[ 0.96661489  0.15965454 -0.42480966  0.02115434 -0.52143583  0.51731112
 -0.55440861 -0.99576047] evals
0.035788843542384104 rms
(15, 9)
[-0.53209859 -0.06397696 -0.30130306  0.2879625  -0.51910967  0.67481512
 -0.54134114 -0.96371451] evals
0.036070311586858333 rms
(15, 9)
[ 0.64793136  0.27431971 -0.26739185  0.06814637 -0.52358727  0.55881808
 -0.53904338 -0.99713595] evals
0.03700503959230671 rms
(15, 9)
[ 0.91674578 -0.0548674  -0.41204109 -0.06528338 -0.52637012  0.51027288
 -0.55404711 -0.97946354] evals
0.0362344845302987 rms
(15, 9)
[ 0.42321843 -0.03470539 -0.28567797  0.54370371 -0.53821592  0.51555179
 -0.53897627 -0.99754939] evals
0.03703552148767597 rms
(15, 9)
[-0.63844201 -0.2016215  -0.4420606  -0.14324053 -0.53859058  0.59454152
 -0.55702984 -0.961356  ] evals
0.037255627971468745 rms
(15, 9)
[ 0.76173122  0.4678927  -0.36495057 -0.07590347 -0.52373339  0.55328397
 -0.55191886 -0.96154759] evals
0.03684796329479521 rms
(15, 9)
[ 0.82783955 -0.19313067 -0.21817483  0.24532907 -0.56370573  0.51981587
 -0.54005038 -0.97036056] evals
0.035865890300332916 rms
(15, 9)
[ 0.86212501 -0.27669429 -0.32409401 -0.28925899 -0.50174174  0.63778738
 -0.53044034 -0.94639082] evals
0.03608649594378313 rms
(15, 9)
[ 0.9160794  -0.62935133 -0.42149161 -0.19046198 -0.55053184  0.49522295
 -0.55883589 -0.99805875] evals
0.035889492690388804 rms
(15, 9)
[-0.86698115  0.47371011 -0.43436621 -0.18866373 -0.52328456  0.51640468
 -0.55584127 -0.99943208] evals
0.03577745358284734 rms
(15, 9)
[-0.63914715  0.03780882 -0.4189374   0.116895   -0.53033611  0.55535862
 -0.55537849 -0.76979781] evals
0.04118041508586059 rms
(15, 9)
[ 0.36065766 -0.53207555 -0.62255699 -0.2392513  -0.59999576  0.45125927
 -0.57379416 -0.10562281] evals
0.04118041508586059 rms
differential_evolution step 17: f(x)= 0.0357701
[ 0.56942486  0.08609431 -0.43731418 -0.00385746 -0.52816464  0.57016257
 -0.55617919 -0.99961241] iters
17/20 ||||||||||||||||||||||||||||||||||||||||||________ 85.0% GA is running...(15, 9)
[ 0.55871547  0.09970089 -0.40932497  0.05213904 -0.52816464  0.57016257
 -0.55816023 -0.99961241] evals
0.035833755070984394 rms
(15, 9)
[ 0.39959688 -0.25107628 -0.50121932  0.6743646  -0.53207792  0.55349924
 -0.55994153 -0.30333765] evals
0.04118041508586059 rms
(15, 9)
[ 0.06575321  0.86313378 -0.22212547  0.15205682 -0.52951607  0.55186285
 -0.53666339  0.0871204 ] evals
0.04118041508586059 rms
(15, 9)
[-0.31183298  0.15812772 -0.2953471   0.00589665 -0.51336625  0.58069506
 -0.53745817 -0.96628133] evals
0.035878956128710095 rms
(15, 9)
[ 0.88244727 -0.83895912 -0.2515862   0.01768395 -0.53358068  0.46358885
 -0.54659079 -0.9888205 ] evals
0.03599854941686849 rms
(15, 9)
[ 0.55451535 -0.12270148 -0.34180247 -0.10599933 -0.53199914  0.58313374
 -0.55657579 -0.99868555] evals
0.03579439247419315 rms
(15, 9)
[ 0.34272032 -0.12581005 -0.61447302  0.34944291 -0.51269144  0.48760897
 -0.57381903 -0.03181474] evals
0.04118041508586059 rms
(15, 9)
[ 0.38374267  0.03566356 -0.42575923  0.05504346 -0.52832976  0.60351341
 -0.55638618 -0.79605817] evals
0.04118041508586059 rms
(15, 9)
[-0.25607488  0.33044846 -0.44162042  0.21941303 -0.53844722  0.6526562
 -0.55158598 -0.96811108] evals
0.036534521679628666 rms
(15, 9)
[ 0.651751    0.29951129 -0.54412025  0.1081874  -0.52194552  0.49209627
 -0.55678214  0.91755086] evals
0.04118041508586059 rms
(15, 9)
[ 0.8357985   0.30938859 -0.21446641 -0.01893505 -0.66497096  0.58099521
 -0.54922054 -0.96020641] evals
0.036713202283878255 rms
(15, 9)
[-0.96111911  0.37600742 -0.41666405  0.10494868 -0.47454535  0.47694476
 -0.54142936 -0.97401808] evals
0.035870371463759494 rms
(15, 9)
[-0.50798198  0.18493564 -0.41404707  0.19731827 -0.52065919  0.49478956
 -0.57421878  0.12428078] evals
0.04118041508586059 rms
(15, 9)
[ 0.21369235  0.23234656 -0.23423814  0.01292302 -0.53793927  0.56829002
 -0.53679359 -0.97730257] evals
0.03620205130638374 rms
(15, 9)
[-0.37353295  0.3032039  -0.28838734  0.12105305 -0.536908    0.49509419
 -0.53664539 -0.96478762] evals
0.035882979078505475 rms
(15, 9)
[ 0.9649996  -0.38021856 -0.5097999   0.08116992 -0.63860726  0.68200431
 -0.5615381   0.71765021] evals
0.04118041508586059 rms
(15, 9)
[ 0.95126027  0.16215592 -0.43414877 -0.15397271 -0.53310906  0.57827441
 -0.55626015 -0.99125694] evals
0.035956270505824305 rms
(15, 9)
[ 0.97582496 -0.23609194 -0.4026601   0.14975352 -0.53198809  0.61484613
 -0.55646006 -0.9997623 ] evals
0.035771846231741754 rms
(15, 9)
[ 0.50737079 -0.77039817 -0.31545399 -0.3490543  -0.54983137  0.68436737
 -0.5440162  -0.99297153] evals
0.03628265263722645 rms
(15, 9)
[-0.61983711  0.03414746 -0.42480966  0.15439799 -0.51608912  0.63569404
 -0.54518136 -0.9804407 ] evals
0.0358405027958335 rms
(15, 9)
[ 0.2316251   0.35389553 -0.1918584  -0.1315389  -0.52498658  0.5330216
 -0.53567397 -0.99948782] evals
0.03752085292792533 rms
(15, 9)
[ 0.25318858 -0.03348265 -0.44399426  0.08154598 -0.5237171   0.49608688
 -0.55717438 -0.40253821] evals
0.04118041508586059 rms
(15, 9)
[-0.37501466 -0.09742456 -0.33905921 -0.00781786 -0.52873086  0.57538875
 -0.556204   -0.99959456] evals
0.03576859239138981 rms
(15, 9)
[ 0.46500431  0.2174757  -0.28567797  0.0302354  -0.54014047  0.7008626
 -0.53964219 -0.96889873] evals
0.035882054312322505 rms
(15, 9)
[-0.39545486 -0.18618117 -0.24331915 -0.2722516  -0.51672668  0.59454152
 -0.54557847 -0.961356  ] evals
0.03641167835464881 rms
(15, 9)
[-0.89389803  0.85000054 -0.21192706  0.35900384 -0.4914813   0.56832147
 -0.53480889  0.23627618] evals
0.04118041508586059 rms
(15, 9)
[ 0.6898911  -0.06321171 -0.39501088  0.04169228 -0.41696448  0.52339196
 -0.54005038 -0.97036056] evals
0.035865890300332916 rms
(15, 9)
[ 0.86212501 -0.27669429 -0.32409401 -0.28925899 -0.53446255  0.63778738
 -0.54257047 -0.97530437] evals
0.03584463492354339 rms
(15, 9)
[-0.35049187  0.36818098 -0.3531369   0.15279697 -0.53475035  0.49522295
 -0.55518653 -0.99763418] evals
0.0357765181934962 rms
(15, 9)
[-0.86698115  0.47371011 -0.33208117 -0.18866373 -0.53324973  0.53337689
 -0.55584127 -0.99943208] evals
0.03577745358284734 rms
(15, 9)
[-0.29904079  0.20635684 -0.41877643  0.27322081 -0.5208288   0.54896133
 -0.55665692 -0.99942921] evals
0.03578233741091881 rms
(15, 9)
[-0.41769456  0.28628225 -0.4138282   0.15421293 -0.51725751  0.49529509
 -0.55635633 -0.40840433] evals
0.04118041508586059 rms
differential_evolution step 18: f(x)= 0.0357686
[-0.37501466 -0.09742456 -0.33905921 -0.00781786 -0.52873086  0.57538875
 -0.556204   -0.99959456] iters
18/20 |||||||||||||||||||||||||||||||||||||||||||||_____ 90.0% GA is running...(15, 9)
[-0.39369092 -0.0731436  -0.30636878 -0.04596852 -0.53276215  0.57538875
 -0.556204   -0.99090942] evals
0.03596248879700778 rms
(15, 9)
[-0.71331818  0.0377847  -0.31040938  0.07429092 -0.52996435  0.54536521
 -0.55612788 -0.99082591] evals
0.035961706573782865 rms
(15, 9)
[-0.06774336  0.86313378 -0.37457406 -0.12550643 -0.45692754  0.56060286
 -0.53666339 -0.96496844] evals
0.03588651803742766 rms
(15, 9)
[-0.97296772 -0.0123846  -0.3121496   0.06588413 -0.52708405  0.54130865
 -0.54334453 -0.97628846] evals
0.035846244868155686 rms
(15, 9)
[-0.81074144 -0.0605112  -0.28660341 -0.04652644 -0.5135939   0.56933962
 -0.55163627 -0.99180975] evals
0.03579740311139035 rms
(15, 9)
[ 0.45780942  0.06600085 -0.37983717  0.00470889 -0.52789406  0.55256021
 -0.55666895 -0.13264042] evals
0.04118041508586059 rms
(15, 9)
[ 0.34272032 -0.02705217 -0.31164787  0.11804366 -0.52767492  0.59772297
 -0.55578656 -0.99906154] evals
0.0357707222052429 rms
(15, 9)
[-0.78839394  0.04951489 -0.31157399  0.14944825 -0.51090811  0.577709
 -0.55436588 -0.99580929] evals
0.03578696658373988 rms
(15, 9)
[-0.34101952  0.9197825  -0.34197093  0.02703322 -0.52978912  0.58978286
 -0.55644562 -0.98334409] evals
0.036234585421748886 rms
(15, 9)
[-0.36783522 -0.16492344 -0.34173396  0.18530953 -0.54952124  0.59458206
 -0.55641461 -0.99939291] evals
0.035776838177993826 rms
(15, 9)
[-0.78668016  0.14834924 -0.37792422  0.058857   -0.46337469  0.64704194
 -0.55619139 -0.9974721 ] evals
0.03580950339424778 rms
(15, 9)
[-0.14437824 -0.16814776 -0.41666405 -0.04709339 -0.52707973  0.59417719
 -0.55528784 -0.62178271] evals
0.04118041508586059 rms
(15, 9)
[-0.2979773   0.1434013  -0.41404707 -0.03732409 -0.51072873  0.49734702
 -0.55424673 -0.99091329] evals
0.03589083122049942 rms
(15, 9)
[-9.97186407e-01  2.32346562e-01 -3.67018908e-01  6.64866451e-05
 -5.61017182e-01  5.74153258e-01 -5.58248223e-01  7.29741263e-01] evals
0.04118041508586059 rms
(15, 9)
[ 0.10741711  0.3032039  -0.36702442  0.00962532 -0.536908    0.56196401
 -0.55873954 -0.96478762] evals
0.03722213497742453 rms
(15, 9)
[ 0.44176525 -0.15777345 -0.44089857 -0.03698703 -0.52647094  0.56097705
 -0.56120084 -0.75602001] evals
0.04118041508586059 rms
(15, 9)
[-0.81459106 -0.10025896 -0.32730435  0.00163474 -0.52374998  0.60791414
 -0.55345779  0.21205816] evals
0.04118041508586059 rms
(15, 9)
[-0.72249687 -0.06594353 -0.4026601  -0.0303149  -0.5302279   0.58941975
 -0.55646006 -0.9997623 ] evals
0.035771846231741754 rms
(15, 9)
[ 0.50737079  0.33417958 -0.3596072  -0.02031636 -0.52226963  0.5486076
 -0.54842219 -0.99297153] evals
0.03601758343350394 rms
(15, 9)
[ 0.96661489 -0.00455213 -0.36502552 -0.04056124 -0.52785417  0.56405099
 -0.55916734  0.39738506] evals
0.04118041508586059 rms
(15, 9)
[-0.39057251 -0.035226   -0.1918584  -0.01194435 -0.5272529   0.5699846
 -0.55425921 -0.9979296 ] evals
0.035820503699263394 rms
(15, 9)
[-0.61142781  0.35804649 -0.3017211   0.02349901 -0.53092295  0.49608688
 -0.55516414 -0.99086349] evals
0.035927153951829605 rms
(15, 9)
[-0.1156861  -0.27379697 -0.351654   -0.00385746 -0.54490402  0.56453488
 -0.56065298  0.27200679] evals
0.04118041508586059 rms
(15, 9)
[-0.15180937  0.2174757  -0.37983717 -0.02025404 -0.50774862  0.55256021
 -0.55666895 -0.96823454] evals
0.03689527986986928 rms
(15, 9)
[-0.63248446  0.62311885 -0.20879498 -0.2722516  -0.53543247  0.59546938
 -0.55616581 -0.961356  ] evals
0.03718687975314782 rms
(15, 9)
[-0.48630416 -0.05429574 -0.32299231 -0.04687275 -0.54061733  0.6516568
 -0.5549415  -0.96154759] evals
0.03708168518591422 rms
(15, 9)
[-0.407659   -0.06321171 -0.31452855  0.03561163 -0.52886364  0.59446472
 -0.55142847 -0.99147701] evals
0.035799639690330384 rms
(15, 9)
[-0.14560347  0.00220718 -0.32409401 -0.02183982 -0.52707765  0.5638917
 -0.54257047 -0.99996926] evals
0.036753043885658226 rms
(15, 9)
[-0.71094864 -0.03238955 -0.31965147 -0.04128434 -0.53026133  0.49522295
 -0.55144219 -0.99156991] evals
0.03580131110691128 rms
(15, 9)
[-0.47154123 -0.06142712 -0.39826015  0.03264559 -0.52785086  0.53337689
 -0.55584127 -0.99943208] evals
0.03577745358284734 rms
(15, 9)
[-0.40540605 -0.09897415 -0.3205688   0.27322081 -0.52885042  0.58521238
 -0.55515917 -0.99791805] evals
0.0357715020458916 rms
(15, 9)
[-0.45205201  0.3291413  -0.42731055  0.15421293 -0.54673299  0.57909578
 -0.56110311  0.3570288 ] evals
0.04118041508586059 rms
differential_evolution step 19: f(x)= 0.0357686
[-0.37501466 -0.09742456 -0.33905921 -0.00781786 -0.52873086  0.57538875
 -0.556204   -0.99959456] iters
19/20 ||||||||||||||||||||||||||||||||||||||||||||||||__ 95.0% GA is running...(15, 9)
[-0.04492698 -0.03932216 -0.33905921 -0.00781786 -0.5283518   0.57538875
 -0.55415496 -0.99798352] evals
0.035827175662288484 rms
(15, 9)
[-0.59710978 -0.13896897 -0.3116824   0.06126708 -0.52780824  0.55349924
 -0.55612788 -0.99900758] evals
0.03577632314792768 rms
(15, 9)
[-0.64908243 -0.10743085 -0.36247558 -0.04598877 -0.52938771  0.57325243
 -0.55637728 -0.99977486] evals
0.03576971303740462 rms
(15, 9)
[-0.17791553 -0.0123846  -0.3665226   0.06588413 -0.5272415   0.55225409
 -0.54334453 -0.99993845] evals
0.0366797329892779 rms
(15, 9)
[-0.81074144 -0.0605112  -0.29635011 -0.04249014 -0.54860448  0.57657609
 -0.55163627 -0.99035161] evals
0.035812576874473784 rms
(15, 9)
[ 0.45780942 -0.04377317 -0.32061866  0.00470889 -0.52789406  0.56970572
 -0.55657579  0.13732674] evals
0.04118041508586059 rms
(15, 9)
[-0.12859243  0.02301468 -0.36880897  0.016096   -0.52750964  0.59772297
 -0.55626277 -0.99965813] evals
0.03576893351070789 rms
(15, 9)
[-0.37886046 -0.15497466 -0.36484529  0.14944825 -0.52524891  0.5015826
 -0.55840012  0.07242878] evals
0.04118041508586059 rms
(15, 9)
[-0.90703813 -0.19837234 -0.44162042 -0.03833258 -0.4976717   0.60090392
 -0.55493612 -0.99759348] evals
0.0357747524160534 rms
(15, 9)
[-0.5288609  -0.07554478 -0.34173396  0.18530953 -0.54952124  0.56662034
 -0.55641461 -0.99359818] evals
0.03590733656238452 rms
(15, 9)
[-0.78668016 -0.28321054 -0.36781729  0.13252573 -0.46337469  0.57298847
 -0.56153226 -0.54624355] evals
0.04118041508586059 rms
(15, 9)
[-0.58298101 -0.01877548 -0.32006178  0.03028345 -0.44488369  0.47694476
 -0.55584656 -0.99915219] evals
0.035769933826215454 rms
(15, 9)
[-0.29163859  0.18493564 -0.30778362  0.00983623 -0.51514913  0.49734702
 -0.55643824 -0.9999956 ] evals
0.03576996444720281 rms
(15, 9)
[-0.99718641  0.23234656 -0.30796934 -0.0427688  -0.50874418  0.55376823
 -0.53679359 -0.99946663] evals
0.037386676719088914 rms
(15, 9)
[-0.503499   -0.13219979 -0.37175845 -0.02684283 -0.536908    0.49509419
 -0.55710647 -0.05824805] evals
0.04118041508586059 rms
(15, 9)
[ 0.44176525  0.0037598  -0.39665586 -0.02139543 -0.52778774  0.55637574
 -0.55651196 -0.99939037] evals
0.03577928929485081 rms
(15, 9)
[ 0.08227809 -0.04077852 -0.37461805  0.0095956  -0.5307485   0.56200243
 -0.55691729 -0.90900644] evals
0.04068392273342396 rms
(15, 9)
[-0.37316747 -0.11479122 -0.33974739  0.04187153 -0.53407998  0.58032696
 -0.55625818 -0.99954268] evals
0.03577068397453933 rms
(15, 9)
[ 0.50737079  0.01193411 -0.3596072   0.08174826 -0.52226963  0.5486076
 -0.5597085  -0.99297153] evals
0.03607476379634716 rms
(15, 9)
[ 0.96661489  0.0153148  -0.42480966 -0.08039572 -0.53394953  0.60039574
 -0.55054665 -0.98965305] evals
0.03579857316951498 rms
(15, 9)
[-0.41696451 -0.05576421 -0.1918584  -0.01194435 -0.52555065  0.5699846
 -0.55624914 -0.99968139] evals
0.03577063132789483 rms
(15, 9)
[-0.74523989 -0.12375913 -0.28588793 -0.05453311 -0.52358727  0.49608688
 -0.55516414 -0.99120825] evals
0.03591871412693043 rms
(15, 9)
[ 0.56942486 -0.03549533 -0.3688854  -0.00221398 -0.52605467  0.55669996
 -0.55617919 -0.99967541] evals
0.035769099411310984 rms
(15, 9)
[-0.83680109 -0.14097404 -0.32918409 -0.07040841 -0.53003656  0.59199283
 -0.55265167 -0.9932986 ] evals
0.03578744747581091 rms
(15, 9)
[-0.31966019 -0.1350267  -0.34463521  0.03206851 -0.53543247  0.60565543
 -0.55635015 -0.961356  ] evals
0.03720501339037206 rms
(15, 9)
[-0.42378887  0.21129497 -0.35610245 -0.07590347 -0.51215287  0.6516568
 -0.55622034 -0.9991995 ] evals
0.03577536993142196 rms
(15, 9)
[-0.06302268 -0.26334333 -0.33158682  0.03561163 -0.52865681  0.61206889
 -0.55142847 -0.99147701] evals
0.035799639690330384 rms
(15, 9)
[ 0.86212501 -0.10553894 -0.32599073 -0.28925899 -0.52832448  0.63778738
 -0.55613983 -0.99939715] evals
0.035770277035621585 rms
(15, 9)
[-0.2491364  -0.0186618  -0.3531369   0.02771799 -0.53475035  0.54903527
 -0.55622807 -0.99949075] evals
0.03577082033122247 rms
(15, 9)
[-0.27098904 -0.06142712 -0.31307739 -0.08345232 -0.52785086  0.53337689
 -0.55584127 -0.99943208] evals
0.03577745358284734 rms
(15, 9)
[-5.06101696e-01 -5.30307614e-02 -3.43486342e-01  7.29028123e-05
 -5.28426181e-01  5.94225925e-01 -5.56989799e-01  2.17305168e-01] evals
0.04118041508586059 rms
(15, 9)
[-0.21229339 -0.03880196 -0.42731055 -0.01754995 -0.52806136  0.56114297
 -0.5574263  -0.54927605] evals
0.04118041508586059 rms
differential_evolution step 20: f(x)= 0.0357686
[-0.37501466 -0.09742456 -0.33905921 -0.00781786 -0.52873086  0.57538875
 -0.556204   -0.99959456] iters
20/20 |||||||||||||||||||||||||||||||||||||||||||||||||| 100.0% GA finished     fun: 0.03576859239138981
 message: 'Maximum number of iterations has been exceeded.'
    nfev: 672
     nit: 20
 success: False
       x: array([-0.37501466, -0.09742456, -0.33905921, -0.00781786, -0.52873086,
        0.57538875, -0.556204  , -0.99959456])

       Objective: 0.03576859239138981
Design variables: [-0.37501465588469474, -0.09742455801593308, -0.3390592132600383, -0.00781786386755412, -0.5287308619225151, 0.5753887461452354, -0.5562039971166222, -0.9995945647442371]
            Time: 7353.5010106
             RMS: [0.05078278 0.03478474 0.03928972 0.03961251 0.05261891 0.02248018]
1_LPC_core   : [-0.37501466 -0.09742456 -0.33905921 -0.00781786 -0.52873086  0.57538875]
2_LPC_bypass : [-0.556204   -0.99959456]
3_HPC        : []
4_HPT        : []
5_LPT        : []

Process finished with exit code 0
