C:\Users\mohsy\AppData\Local\Programs\Python\Python38-32\python.exe "C:\Users\mohsy\University\KLM\Thesis\My thesis\Code\GSP_python_mohamed\Nozzle_corrections_optimization.py" 
Loading API and model . . .
Loading C:/Users/mohsy/University/KLM/Thesis/My thesis/Code/GSP_python_mohamed/GSP_files/OffDesignGEnx Nozzles.mxl
Loading Complete
(15, 9)
[0. 0. 0. 0. 0. 0. 0. 0.] evals
0.04118041508587484 rms
(15, 9)
[-0.47242806 -0.79410299 -0.27369488  0.75152126 -0.81847268 -0.93985271
 -0.81285888  0.0315316 ] evals
0.07182969869133243 rms
(15, 9)
[ 0.06699891  0.28200287  0.28373312 -0.69626556  0.05272601 -0.0087585
  0.07151629  0.09960825] evals
0.04366304230281522 rms
(15, 9)
[ 0.52765103  0.08688183  0.6496126  -0.00174947  0.85884752  0.10446988
 -0.51426329  0.28259604] evals
0.07464232527552263 rms
(15, 9)
[-0.90095767 -0.33983625  0.85813047 -0.48658168  0.91702524 -0.06334564
  0.97666907 -0.09226238] evals
0.038911651496721274 rms
(15, 9)
[-0.00176727  0.63003262  0.2356474   0.33486874  0.18031899 -0.65759018
 -0.74015628  0.78798428] evals
0.07267906850968377 rms
(15, 9)
[ 0.38579923  0.52132006 -0.18065883 -0.4029125   0.59373259 -0.86868241
  0.79559558 -0.15561269] evals
0.03540494296371053 rms
(15, 9)
[ 0.25775497  0.42725753 -0.79541231 -0.61430793 -0.95430187  0.93084317
  0.0473849  -0.72322429] evals
0.05379968530749536 rms
(15, 9)
[ 0.85037685  0.47906166  0.15747534  0.97821854  0.49628611 -0.24278669
  0.83824305  0.41521333] evals
0.03469109206400003 rms
(15, 9)
[-0.77511829 -0.82222265 -0.63249725 -0.19759599 -0.56938081 -0.93326573
 -0.26941081  0.95614193] evals
0.0471990885168711 rms
(15, 9)
[-0.35767574  0.00817323  0.60131753  0.61764341  0.33134827 -0.80007431
 -0.31595091 -0.84929547] evals
0.07311082859762083 rms
(15, 9)
[ 0.88021476  0.71592942 -0.35452895  0.84046111  0.98082944  0.48735135
 -0.624998    0.47180703] evals
0.06872974205539802 rms
(15, 9)
[ 0.67878982 -0.58091645 -0.88943331  0.26290853  0.38837956  0.50421648
 -0.00587663  0.8875602 ] evals
0.04118041508586059 rms
(15, 9)
[ 0.13892416  0.89125626  0.46034081  0.13570806 -0.14227716  0.84643459
  0.28969295  0.69002611] evals
0.041600634983872474 rms
(15, 9)
[ 0.2272873  -0.18144121  0.50441695 -0.10288257 -0.05134901  0.2422746
  0.52872467 -0.98048256] evals
0.04656349801913424 rms
(15, 9)
[-0.93961589  0.56305392  0.79017041  0.47963238 -0.43813375  0.06052644
 -0.17061712  0.23766658] evals
0.0552265327386255 rms
(15, 9)
[-0.13014027 -0.42593324 -0.43428105 -0.30990507  0.21316254 -0.59475545
  0.38443088 -0.93261376] evals
0.04406710220372385 rms
(15, 9)
[ 0.78422877 -0.11909578 -0.58935931 -0.75500424 -0.41562752 -0.42719688
  0.12701188 -0.59132351] evals
0.05095654937014015 rms
(15, 9)
[ 0.36654712 -0.95573393 -0.01890279 -0.15111182 -0.55123882  0.95924096
  0.49635854 -0.3503984 ] evals
0.037131867802953376 rms
(15, 9)
[-0.27619613 -0.92910629 -0.99024465  0.71324207 -0.75269985  0.57918508
  0.61994351 -0.55282651] evals
0.036161166634250966 rms
(15, 9)
[-0.24692861 -0.66696508  0.73094638 -0.5271172  -0.36043879 -0.49793183
  0.21266849 -0.46770155] evals
0.049264604422237276 rms
(15, 9)
[ 0.97186474 -0.49887861 -0.82852005  0.65066058 -0.62887868 -0.74995551
  0.63831886  0.67295779] evals
0.034963450462578136 rms
(15, 9)
[-0.50614865  0.31560052 -0.48342443  0.39697724 -0.19670982  0.71978502
  0.71369133  0.36316462] evals
0.03470188688327667 rms
(15, 9)
[-0.72449098 -0.1876997   0.03521782 -0.91357215 -0.74901248 -0.34396692
 -0.77774532  0.14347422] evals
0.07775650418405125 rms
(15, 9)
[ 0.60073568 -0.71564942  0.93744051 -0.82135964  0.26395925  0.43513783
 -0.09139123  0.60748321] evals
0.045385861900421556 rms
(15, 9)
[-0.82577982 -0.26770349 -0.55559497  0.90376582  0.70773007  0.35967517
 -0.46681522  0.87367135] evals
0.0614229281318613 rms
(15, 9)
[-0.37638133 -0.00252216  0.38664557  0.18875727  0.68208836 -0.28253625
 -0.90932015 -0.21817472] evals
0.07839499912505367 rms
(15, 9)
[ 0.01933653  0.13074355  0.33815419 -0.99506648 -0.25536452  0.75136009
 -0.65297974 -0.26368726] evals
0.07673765854118243 rms
(15, 9)
[-0.6227386  -0.50722048  0.9516798   0.52903276  0.76262673  0.17673324
 -0.42135994 -0.64480312] evals
0.07422548878219419 rms
(15, 9)
[-0.64548532  0.79914784  0.0888999   0.05937085  0.52413836 -0.54882136
  0.34381366 -0.39259851] evals
0.040389499078609066 rms
(15, 9)
[ 0.4720142   0.84137868 -0.11270504 -0.65854102 -0.90598726  0.30096095
 -0.96125006  0.55041722] evals
0.07723523920753318 rms
(15, 9)
[ 0.69609421  0.96111333 -0.2303126  -0.33592278 -0.12103387  0.64943897
 -0.22051047 -0.00822374] evals
0.061499691672879366 rms
(15, 9)
[ 0.85037685  0.05621416 -0.02326536  0.89033566  0.63597484 -0.28260885
  0.89709884  0.6608506 ] evals
0.03470188688327667 rms
(15, 9)
[-0.47242806  0.62383332 -0.08992754  0.9529325  -0.81847268 -0.45642879
  0.65003456  0.28797517] evals
0.03476528223409191 rms
(15, 9)
[-0.52175347  0.5198121   0.28373312  0.52335913  0.18824475 -0.4585587
  0.33084797  0.01348996] evals
0.037911010110763435 rms
(15, 9)
[ 0.38066907  0.2839139  -0.1791474  -0.39232157  0.85884752 -0.31055714
 -0.51426329  0.7309025 ] evals
0.06668634150999317 rms
(15, 9)
[ 0.90941719  0.73980681 -0.09208591 -0.9708535   0.83063254 -0.19140576
  0.63890755  0.74388838] evals
0.03928353948843166 rms
(15, 9)
[ 0.81706307  0.74722742  0.2356474   0.05247402  0.18031899 -0.65759018
  0.89306524  0.34453597] evals
0.03898394059164083 rms
(15, 9)
[-0.13021674  0.53959198 -0.23944788 -0.4029125   0.59373259 -0.34256011
  0.60525442 -0.15561269] evals
0.0349389934911466 rms
(15, 9)
[ 0.90969704  0.42725753 -0.03496677 -0.15116789  0.47335071  0.93084317
  0.0473849   0.34310929] evals
0.04169460827530408 rms
(15, 9)
[ 0.99123216  0.9374566   0.          0.          0.916402   -0.37218583
  0.53075042  0.        ] evals
0.03527528866391033 rms
(15, 9)
[ 0.91883218  0.8066692  -0.05640271 -0.53436695 -0.56938081 -0.93326573
 -0.83658529  0.36249007] evals
0.0769999885348528 rms
(15, 9)
[ 0.8856742   0.0521014   0.60131753  0.93357125  0.33134827 -0.20599339
  0.4728298  -0.84929547] evals
0.04462529895521539 rms
(15, 9)
[ 0.41377705  0.04869512 -0.35452895  0.84046111  0.29070728  0.48735135
  0.51947484  0.58292478] evals
0.0356526951568053 rms
(15, 9)
[ 0.44695526  0.70117858  0.26740406  0.26290853  0.58871635 -0.51875158
 -0.00587663  0.40465688] evals
0.04467587503563462 rms
(15, 9)
[ 0.13892416  0.89125626 -0.12650119  0.63723884  0.46387782  0.84643459
  0.28969295  0.39236622] evals
0.03753346072089041 rms
(15, 9)
[ 0.4354937   0.36453733  0.23527918 -0.10288257  0.29661457  0.2422746
  0.78342683 -0.98048256] evals
0.042610622164012034 rms
(15, 9)
[-0.93961589  0.64560396  0.79017041 -0.40540655 -0.43813375  0.07447765
  0.03211749  0.32238165] evals
0.04447988091414744 rms
(15, 9)
[-0.13014027 -0.42593324  0.32754897  0.72257894  0.73830461 -0.56231127
  0.83179112  0.27840834] evals
0.03493286780966457 rms
(15, 9)
[ 0.76475526 -0.11909578  0.39618775 -0.75500424 -0.41562752 -0.42719688
  0.9759634   0.07574668] evals
0.03894076757349298 rms
(15, 9)
[ 0.36654712  0.52975219 -0.06781373  0.53381637 -0.55123882  0.95924096
 -0.45534725  0.58710543] evals
0.06559923541319868 rms
(15, 9)
[ 0.37990006  0.17052707 -0.99024465  0.72770347  0.0396047  -0.23504864
  0.47943407  0.45455609] evals
0.0358732563352755 rms
(15, 9)
[-0.24692861 -0.66696508  0.17219576  0.1521153   0.845403   -0.49793183
 -0.15586107  0.26821422] evals
0.05144328158695267 rms
(15, 9)
[ 0.97186474  0.93524588  0.30001009  0.65066058 -0.62887868  0.09565662
  0.64853045  0.30395758] evals
0.03502632287707867 rms
(15, 9)
[-0.71046758  0.77492742 -0.48342443  0.39697724  0.82887866  0.08363911
  0.71369133  0.48346322] evals
0.03470188688327667 rms
(15, 9)
[ 9.54360286e-01  7.14790017e-01 -3.29554089e-05  7.29864114e-01
  2.96443663e-01 -3.43966924e-01  6.61149304e-01  4.44212194e-01] evals
0.03476996809715173 rms
(15, 9)
[ 0.56614885  0.32662134  0.5156572   0.89282026  0.62569344 -0.32796279
  0.58025217  0.60748321] evals
0.038153924581480814 rms
(15, 9)
[-0.00603608  0.43544988 -0.30502931  0.90376582  0.70773007 -0.43106532
  0.74546239  0.62504808] evals
0.03470188688327667 rms
(15, 9)
[-0.37638133 -0.00252216  0.30102428 -0.69294612  0.8628041  -0.15534226
  0.8676234  -0.21817472] evals
0.038946835184935136 rms
(15, 9)
[0.60497605 0.26646667 0.47643104 0.59696458 0.55367796 0.75136009
 0.90164336 0.21851614] evals
0.03884484649676101 rms
(15, 9)
[-0.6227386   0.5452314   0.08701965 -0.72462755  0.75891824  0.17673324
  0.91050804  0.3964072 ] evals
0.03899219508967761 rms
(15, 9)
[ 0.69285132  0.32981667 -0.11405543  0.05937085  0.42585705 -0.54882136
  0.78841403  0.41804978] evals
0.03470188688327667 rms
(15, 9)
[ 0.98305016  0.87250394 -0.11270504  0.27298487  0.78353302 -0.57240054
 -0.96125006  0.55041722] evals
0.07226777813410272 rms
(15, 9)
[ 0.69609421  0.52267344 -0.2303126  -0.33592278 -0.12103387 -0.05450805
  0.93102371 -0.00822374] evals
0.03478005278077975 rms
differential_evolution step 1: f(x)= 0.0346911
[ 0.85037685  0.47906166  0.15747534  0.97821854  0.49628611 -0.24278669
  0.83824305  0.41521333] iters
1/20 ||________________________________________________ 5.0% GA is running...(15, 9)
[-0.28271904  0.39465177  0.3111257  -0.96142136  0.49628611  0.71406878
  0.41905103  0.78996095] evals
0.04054873445820008 rms
(15, 9)
[ 0.56044095 -0.69181062  0.80177507  0.1033029  -0.12311849 -0.45642879
  0.65003456 -0.23105526] evals
0.03891545674709224 rms
(15, 9)
[-0.52175347  0.5198121   0.52965087  0.54270448  0.08995212 -0.4585587
  0.32698212 -0.19511485] evals
0.040650179041658435 rms
(15, 9)
[ 0.0354659  -0.37809593  0.40362561  0.97274434  0.82830745 -0.4068541
  0.96646603  0.29062568] evals
0.034853093773886054 rms
(15, 9)
[ 0.82751312 -0.33983625  0.85813047  0.49938714  0.91702524  0.03981302
  0.82097401  0.12038312] evals
0.038912066170941166 rms
(15, 9)
[ 0.81706307  0.07127781  0.2356474   0.81770557  0.18031899 -0.22506892
 -0.47857907  0.31575033] evals
0.06823460425746067 rms
(15, 9)
[-0.18290235  0.69025959  0.57442943 -0.4029125  -0.05581545 -0.36887198
  0.27369727 -0.06840074] evals
0.04118835411415304 rms
(15, 9)
[ 0.9704375   0.1893439  -0.03496677 -0.03767233  0.47335071  0.93084317
  0.89408831  0.34310929] evals
0.03470188688327667 rms
(15, 9)
[ 0.0508766  -0.58358507  0.52965087  0.54270448  0.08995212 -0.12281687
  0.53075042 -0.19511485] evals
0.03934366330354249 rms
(15, 9)
[-0.33468031  0.35165262  0.22288805 -0.11470961  0.84379686 -0.93326573
 -0.54922024  0.3792919 ] evals
0.07358194350605293 rms
(15, 9)
[-0.28120568  0.0521014   0.44429035  0.16402466  0.76931104 -0.85496951
  0.89461856  0.18168941] evals
0.03893810547725472 rms
(15, 9)
[-0.57278695  0.42707416 -0.35452895  0.12515812  0.29070728  0.07163922
  0.51947484  0.32366792] evals
0.035511647784243476 rms
(15, 9)
[ 0.75310402  0.97833463 -0.16557496  0.85361206 -0.29879025  0.01464057
 -0.15210659  0.8875602 ] evals
0.04253472824656148 rms
(15, 9)
[-0.07214744  0.68852991 -0.13513457 -0.01484679  0.46387782 -0.67457043
  0.84490412  0.39236622] evals
0.03470188688327667 rms
(15, 9)
[ 0.94800323  0.36453733 -0.00945487 -0.10288257  0.29661457 -0.8824698
  0.78342683 -0.98048256] evals
0.039039744135372964 rms
(15, 9)
[ 0.34717154  0.13844014  0.79017041  0.80897787 -0.76746561  0.07447765
  0.71005113  0.54038489] evals
0.0389164867172275 rms
(15, 9)
[-0.13014027  0.71962991  0.60094322  0.92360255  0.41333859 -0.56231127
 -0.24763366  0.43089391] evals
0.05635963340423355 rms
(15, 9)
[ 0.00775979 -0.54541114  0.40360084 -0.69804195  0.3624609  -0.38564996
  0.9759634   0.62441378] evals
0.0389403213716533 rms
(15, 9)
[ 0.83351939  0.61070478  0.17664538  0.92921853  0.36348376  0.17627035
  0.75509025 -0.57935462] evals
0.0367141301545683 rms
(15, 9)
[-0.45277656  0.6053645   0.49792936  0.72770347  0.2945761  -0.43216128
  0.27392467  0.34850218] evals
0.04123918354770515 rms
(15, 9)
[-0.24692861 -0.13099624  0.10274957  0.00513005  0.35260257  0.54468124
  0.21266849  0.72021127] evals
0.042037360756109796 rms
(15, 9)
[-0.07804705 -0.0188931   0.49134694  0.55303778 -0.62887868 -0.74995551
  0.31209709  0.21794954] evals
0.0410417593731013 rms
(15, 9)
[-0.07999683  0.77492742 -0.48342443  0.98207334  0.07263825  0.4461618
  0.59923124  0.95639152] evals
0.03531241939461549 rms
(15, 9)
[-0.23747623  0.71479002  0.12690059  0.33044799  0.29644366  0.10986749
  0.89936686  0.44421219] evals
0.03471768578913096 rms
(15, 9)
[ 0.56614885  0.70035103  0.5156572  -0.49577452  0.62569344  0.10984458
  0.64116765  0.30930084] evals
0.039025401565801365 rms
(15, 9)
[-0.34969324  0.61730267  0.17432925 -0.16208918  0.7364801  -0.43106532
  0.74546239  0.53397537] evals
0.039006458330910286 rms
(15, 9)
[-0.37638133  0.23314387  0.30102428  0.22859671  0.47779017 -0.15534226
 -0.87504349  0.29948775] evals
0.07816271073788846 rms
(15, 9)
[0.81383668 0.61075098 0.51941336 0.99734411 0.23761396 0.21357499
 0.90164336 0.21851614] evals
0.036303062825590524 rms
(15, 9)
[ 0.31689899  0.13511636  0.08701965 -0.38122736  0.25368683  0.17673324
  0.46514302  0.28757957] evals
0.04005688340333607 rms
(15, 9)
[-0.54922809  0.32981667 -0.11405543 -0.14708835  0.74368962 -0.54882136
  0.5984552   0.41804978] evals
0.0350755187783245 rms
(15, 9)
[ 0.98305016  0.87250394 -0.11270504  0.55466132 -0.34894159 -0.70860508
  0.4038645   0.21017697] evals
0.03631450409881491 rms
(15, 9)
[ 0.71032087  0.19730117 -0.2303126   0.95913809  0.85591658 -0.93905521
 -0.61232791 -0.00822374] evals
0.06999211319699246 rms
differential_evolution step 2: f(x)= 0.0346911
[ 0.85037685  0.47906166  0.15747534  0.97821854  0.49628611 -0.24278669
  0.83824305  0.41521333] iters
2/20 |||||_____________________________________________ 10.0% GA is running...(15, 9)
[ 0.78050759  0.52961144  0.26030986  0.82336125  0.57218345 -0.25751223
  0.85547631  0.41521333] evals
0.034562294511580584 rms
(15, 9)
[-0.47242806  0.68796771  0.27617237  0.34340871  0.55508351 -0.17543808
  0.65003456  0.35961867] evals
0.03877044361097909 rms
(15, 9)
[ 0.8444254   0.59430252  0.22322503  0.84916125  0.70984636 -0.23846046
  0.88171816  0.37112787] evals
0.03463565567054475 rms
(15, 9)
[ 0.75931472 -0.37809593  0.11429206  0.97274434  0.57559335 -0.4068541
  0.75124882  0.61613252] evals
0.03469417627712927 rms
(15, 9)
[ 0.72568228  0.52075013  0.26650174  0.95591526  0.39654351 -0.22763398
  0.97666907 -0.09226238] evals
0.034623466357766 rms
(15, 9)
[ 0.81808362  0.48395623  0.2356474   0.86421178  0.65359463 -0.12255145
  0.85041737  0.46333442] evals
0.03463098371543943 rms
(15, 9)
[ 0.82738979  0.38582787  0.31749044  0.79181037  0.78541085 -0.27201465
  0.880371    0.41390299] evals
0.034737526094124296 rms
(15, 9)
[0.6885985  0.1893439  0.4374131  0.69174257 0.56863344 0.93084317
 0.89408831 0.34310929] evals
0.03818519899112114 rms
(15, 9)
[ 0.99123216  0.50266189  0.22406815  0.70998333  0.7241047  -0.18518424
  0.83759391  0.42010207] evals
0.034646926548762294 rms
(15, 9)
[-0.77511829  0.61640181 -0.63249725 -0.19759599 -0.56938081 -0.35747985
  0.94107059  0.95614193] evals
0.03470188688327667 rms
(15, 9)
[ 0.68280931  0.57443704  0.23295413  0.16402466  0.76931104 -0.37877453
  0.78608277  0.18168941] evals
0.039004788241585764 rms
(15, 9)
[ 0.76947832  0.50183168  0.12283242  0.12515812  0.5465413  -0.13272546
  0.75177497  0.32366792] evals
0.03663672592066919 rms
(15, 9)
[0.91703524 0.37992193 0.2585829  0.91133478 0.61041779 0.50421648
 0.835189   0.43876077] evals
0.03462745039903712 rms
(15, 9)
[-0.07214744  0.6041576   0.4133221  -0.01484679  0.46387782 -0.21027004
  0.91299332  0.41379655] evals
0.03893999405817309 rms
(15, 9)
[ 0.81981114  0.57752674  0.27641824 -0.10288257  0.54096757 -0.34710206
  0.7832728   0.44512706] evals
0.03894864877391327 rms
(15, 9)
[ 0.97081847  0.13844014  0.30804435  0.81766373  0.76789455 -0.12593535
  0.88083639  0.54038489] evals
0.03465921783909068 rms
(15, 9)
[ 0.97808957 -0.42593324  0.32754897  0.72257894  0.54233136 -0.32926047
  0.83804926  0.42188635] evals
0.03493286780966457 rms
(15, 9)
[ 0.99347691  0.50487175  0.40360084  0.88529562  0.55587993 -0.3016293
  0.87849047  0.39982707] evals
0.03508134609499034 rms
(15, 9)
[ 0.78223511  0.62318195  0.24966227  0.92921853  0.45955639 -0.48206284
  0.78833174  0.39700596] evals
0.0346255284018098 rms
(15, 9)
[ 0.37990006  0.52652174  0.21684575  0.87660105  0.45165888 -0.2891847
  0.85828628  0.35979217] evals
0.034648138028064636 rms
(15, 9)
[0.6663556  0.53640802 0.10274957 0.83869547 0.56154373 0.54468124
 0.83699826 0.44413328] evals
0.03469493750967615 rms
(15, 9)
[ 0.76826495  0.48943002  0.21049247  0.65066058  0.56756774 -0.74995551
  0.85548758  0.41809564] evals
0.03465235406111104 rms
(15, 9)
[ 0.66372183  0.55137805 -0.48342443  0.39697724  0.55734913  0.08363911
  0.85402827  0.41208403] evals
0.03470188688327667 rms
(15, 9)
[-0.23747623  0.54242753  0.25885149  0.83786023  0.29644366 -0.28826829
  0.89936686  0.41271952] evals
0.034560139378937434 rms
(15, 9)
[ 0.56614885  0.54581605  0.23922532  0.82937725  0.29867671 -0.2822257
  0.58025217  0.41482693] evals
0.03510484898122129 rms
(15, 9)
[-0.23123439  0.43544988  0.30116351  0.90376582  0.25125082 -0.15629624
  0.90568868  0.38538368] evals
0.034560169295149885 rms
(15, 9)
[-0.11193583 -0.00252216  0.30793499 -0.69294612  0.33013328 -0.15534226
  0.90440917  0.40981056] evals
0.03894639625202426 rms
(15, 9)
[ 0.81383668  0.44777607  0.31953748  0.74498287  0.27812505 -0.21715107
  0.9075171   0.41510882] evals
0.0348266853473808 rms
(15, 9)
[-0.6227386   0.49223842  0.24576338  0.82859688  0.32548271 -0.26420399
  0.91050804  0.43197133] evals
0.03463534185223586 rms
(15, 9)
[ 0.69285132  0.54233831  0.30536415  0.83461219  0.42585705 -0.29177932
  0.91830903  0.42765316] evals
0.03462535704197146 rms
(15, 9)
[ 0.98305016  0.87250394  0.30014278  0.97394912  0.2859236  -0.70860508
  0.91067771  0.21017697] evals
0.03454892656112826 rms
(15, 9)
[ 0.78209684  0.52267344  0.30322979  0.97113248  0.23327839 -0.7121311
  0.93102371  0.21851052] evals
0.0345499287415398 rms
differential_evolution step 3: f(x)= 0.0345489
[ 0.98305016  0.87250394  0.30014278  0.97394912  0.2859236  -0.70860508
  0.91067771  0.21017697] iters
3/20 ||||||||__________________________________________ 15.0% GA is running...(15, 9)
[ 0.98305016  0.83788723  0.31322484  0.93184508  0.38569445 -0.71999174
  0.88597072  0.34004273] evals
0.034559297058474304 rms
(15, 9)
[ 0.23139179  0.62383332  0.32830779  0.9529325  -0.81847268 -0.65173173
  0.93283109  0.15988185] evals
0.03456130487433549 rms
(15, 9)
[-0.45866688  0.99731865  0.22322503  0.84916125  0.36891338 -0.23846046
  0.89682515  0.22390947] evals
0.03463565567054475 rms
(15, 9)
[ 0.75931472  0.97108585  0.11429206  0.76577658  0.57559335 -0.85900406
  0.92355416  0.12759435] evals
0.03469407736623777 rms
(15, 9)
[ 0.84530577  0.52075013  0.3303704  -0.14952096 -0.06968981 -0.68340402
  0.97666907 -0.09226238] evals
0.038945201986343 rms
(15, 9)
[ 0.90503252  0.48395623  0.33547636  0.86421178  0.30855109 -0.80768182
  0.89603024  0.23609647] evals
0.034704307419672946 rms
(15, 9)
[ 0.92885231  0.90285853  0.31749044  0.79181037  0.26121007 -0.75489853
  0.88754588  0.41390299] evals
0.034737526094124296 rms
(15, 9)
[0.66882862 0.85469252 0.27386065 0.97868798 0.20776556 0.93084317
 0.89408831 0.20647125] evals
0.034621622348706804 rms
(15, 9)
[ 0.99123216  0.86755364  0.22406815  0.98606523  0.3251739  -0.71039054
  0.98201233  0.19605682] evals
0.03465962333342611 rms
(15, 9)
[-0.77511829  0.84290797 -0.63249725 -0.19759599 -0.56938081 -0.61626439
  0.81320963  0.18732919] evals
0.03470188688327667 rms
(15, 9)
[-0.28120568  0.0521014   0.44429035  0.97529224  0.31855398 -0.71105623
  0.99741223  0.21346776] evals
0.03516040152880802 rms
(15, 9)
[0.9889308  0.78324298 0.33487442 0.12515812 0.25615224 0.07163922
 0.87598398 0.27929932] evals
0.038945032488245664 rms
(15, 9)
[ 0.91703524  0.93630483  0.29291654  0.97934131  0.56927617 -0.72319696
  0.835189    0.43876077] evals
0.03454713758150233 rms
(15, 9)
[-0.07214744  0.81379111  0.34012002 -0.9989302   0.50420301 -0.67457043
  0.87160519  0.38699935] evals
0.03894422271538644 rms
(15, 9)
[ 0.2117806   0.84900862  0.51268368  0.66781982  0.90114296 -0.61259565
  0.7832728   0.44512706] evals
0.03881125785259458 rms
(15, 9)
[ 0.83243069  0.13844014  0.06533438  0.81766373  0.56965312 -0.62434947
  0.82891279  0.44190551] evals
0.034697603308215724 rms
(15, 9)
[-0.65937577 -0.42593324  0.32754897  0.90178805  0.54233136 -0.32926047
  0.83804926  0.42188635] evals
0.03461798852500989 rms
(15, 9)
[ 0.89069091  0.85705706  0.28403023  0.88529562  0.55587993 -0.3016293
  0.75466874  0.39982707] evals
0.03455833579149609 rms
(15, 9)
[ 0.5958061   0.91415308  0.24966227 -0.5209683   0.45398983 -0.87332016
  0.78833174  0.39700596] evals
0.03895017151237546 rms
(15, 9)
[ 0.37990006  0.91691144  0.14446713  0.87660105  0.45165888 -0.2891847
  0.85828628  0.41401887] evals
0.03469197323285194 rms
(15, 9)
[ 0.96855793  0.53640802  0.10274957  0.99081774  0.56154373 -0.78132041
  0.86657904  0.39082646] evals
0.03469501022139622 rms
(15, 9)
[-0.53550262  0.80459253  0.29610372  0.98320279  0.56756774 -0.69345843
  0.82328226  0.50018952] evals
0.03454707312176746 rms
(15, 9)
[-0.52586182  0.79287888 -0.48342443  0.39697724  0.58845523 -0.65883184
  0.8219843   0.51253584] evals
0.03470188688327667 rms
(15, 9)
[-0.89949298  0.52961144  0.26030986 -0.3172786   0.55903378 -0.55754326
  0.85547631  0.57569538] evals
0.03894958133351816 rms
(15, 9)
[-0.59225303  0.92130297  0.28696312  0.98610227  0.58616114 -0.68067934
  0.82263014  0.45174693] evals
0.034545806489980124 rms
(15, 9)
[-0.23123439  0.92304676  0.24653821  0.99003654  0.25125082 -0.47486229
  0.90568868  0.38538368] evals
0.0346391969808794 rms
(15, 9)
[-0.18779665  0.54782992  0.30793499 -0.4449026   0.59307431 -0.15534226
  0.82189629  0.45607636] evals
0.03894650148869925 rms
(15, 9)
[-0.50353643  0.91982216  0.29970325 -0.18381755  0.57202031 -0.66488741
  0.85300335  0.33576427] evals
0.03894713513045757 rms
(15, 9)
[-0.74905048  0.89793686  0.30859634  0.99307187  0.53474288 -0.26420399
  0.91050804  0.45831289] evals
0.03454788885524632 rms
(15, 9)
[-0.14430179  0.74055918  0.52827585 -0.56945993  0.42585705 -0.55487668
  0.83998099  0.42765316] evals
0.03893247155694449 rms
(15, 9)
[-0.23747623  0.54242753  0.25885149  0.96318921  0.5134262  -0.65299368
  0.82139365  0.43303564] evals
0.034622672879067756 rms
(15, 9)
[-0.17085934  0.90103327  0.27993157  0.97113248  0.52037515 -0.77800697
  0.84126426  0.21851052] evals
0.03454695585712375 rms
differential_evolution step 4: f(x)= 0.0345458
[-0.59225303  0.92130297  0.28696312  0.98610227  0.58616114 -0.68067934
  0.82263014  0.45174693] iters
4/20 ||||||||||________________________________________ 20.0% GA is running...(15, 9)
[-0.54300053  0.92130297  0.28442082  0.98799932  0.68584867 -0.68581298
  0.81561612  0.47177991] evals
0.03454546124856738 rms
(15, 9)
[ 0.23139179  0.92695959  0.27704407  0.99745398  0.69831429 -0.69098744
  0.81207967  0.4678063 ] evals
0.034619953261187025 rms
(15, 9)
[-0.45866688  0.93656793  0.31423668 -0.8080363   0.6899071  -0.23846046
  0.89682515  0.45929117] evals
0.038945947207302434 rms
(15, 9)
[-0.5331932   0.95051738  0.28676309  0.99920399  0.68563983 -0.71926497
  0.8141588   0.12759435] evals
0.034544438848978704 rms
(15, 9)
[-0.45118194  0.52075013  0.28878255  0.98817972  0.70342013 -0.67242406
  0.81700142  0.15071587] evals
0.034545714226617126 rms
(15, 9)
[-0.52885622  0.98396209  0.2356474   0.06118371  0.65359463 -0.12255145
  0.80953094  0.46333442] evals
0.03898548959405129 rms
(15, 9)
[ 0.92885231  0.92806203  0.25731589 -0.01683548  0.66124506 -0.63613316
  0.81801811  0.12752297] evals
0.0389498991668498 rms
(15, 9)
[ 0.66882862  0.85469252  0.3375851  -0.09191942  0.20776556  0.93084317
  0.8152801   0.12095447] evals
0.03894476830023635 rms
(15, 9)
[-0.55129447 -0.28069209  0.22406815  0.70998333  0.7241047  -0.18518424
  0.80099498  0.12142573] evals
0.034646926548762294 rms
(15, 9)
[-0.49644479  0.84290797  0.28318972  0.98805452  0.66852185 -0.7209936
  0.81335848  0.18732919] evals
0.034545401557396944 rms
(15, 9)
[-0.58828228  0.96350203  0.28444975  0.6779456   0.78520463 -0.72226236
  0.80628947  0.15204001] evals
0.034769788508387266 rms
(15, 9)
[-0.53337085  0.92765373  0.2744715   0.98914777  0.71105312 -0.74700452
  0.81005779  0.14466656] evals
0.03462063488869712 rms
(15, 9)
[ 0.98305016  0.95621006  0.28740143  0.95856323  0.2859236  -0.74954785
  0.81994289  0.21017697] evals
0.034548979459507065 rms
(15, 9)
[-0.59895022  0.68852991  0.29245651 -0.01484679  0.46387782 -0.74830556
  0.84490412  0.13767966] evals
0.038947667182420626 rms
(15, 9)
[-0.558393    0.98076484  0.51268368  0.98771668  0.72074947 -0.75044049
  0.80747268  0.44512706] evals
0.036250822053774646 rms
(15, 9)
[ 0.97081847  0.41334405  0.22991659  0.57873087  0.70419612 -0.75543263
  0.80823789  0.54038489] evals
0.03468945364156354 rms
(15, 9)
[-0.65937577 -0.42593324  0.23160571  0.95674852  0.67864367 -0.32926047
  0.83804926  0.42188635] evals
0.03464818326456586 rms
(15, 9)
[-0.44512154  0.92119625  0.28809928  0.9873807   0.66697859 -0.68855697
  0.75466874  0.39982707] evals
0.034545749652778776 rms
(15, 9)
[-0.49936995  0.62318195  0.25662476  0.92716556  0.66969478 -0.71845737
  0.81626267  0.12188975] evals
0.03462578816184229 rms
(15, 9)
[ 0.37990006  0.97739311  0.284864    0.87660105  0.67912858 -0.70176604
  0.82195231  0.11516014] evals
0.0345598869995352 rms
(15, 9)
[-0.54145523  0.91782699  0.28691014  0.99584018  0.56154373 -0.68063642
  0.83699826  0.12768097] evals
0.034544786289288455 rms
(15, 9)
[ 0.91703524  0.97150978  0.33329846  0.26929358  0.70409194 -0.72319696
  0.81146995  0.13138438] evals
0.03894519369617895 rms
(15, 9)
[-0.61321268  0.9552946   0.28778591  0.99982842  0.58845523 -0.83559293
  0.80414374  0.14148387] evals
0.034544423535181244 rms
(15, 9)
[-0.58009393  0.936475    0.26030986  0.82336125  0.57218345 -0.25751223
  0.85547631  0.16050349] evals
0.034562294511580584 rms
(15, 9)
[-0.53550262 -0.31143685  0.28784042  0.98320279  0.49070326 -0.85875732
  0.82328226  0.12266305] evals
0.03454618500847422 rms
(15, 9)
[-0.68004181  0.43544988  0.28444472 -0.25151626  0.57915895 -0.83534072
  0.80278304  0.14041113] evals
0.03894807572215587 rms
(15, 9)
[-0.51407932  0.98274297  0.28984811  0.98572243  0.55668952 -0.15534226
  0.80921123  0.16038965] evals
0.0345460738302037 rms
(15, 9)
[-0.55297508  0.44777607  0.29221368  0.20361544  0.61073923 -0.86887401
  0.9075171   0.13367198] evals
0.038954246110559775 rms
(15, 9)
[-0.56009671  0.89793686  0.28633031  0.99011153  0.70241031 -0.26420399
  0.80040875  0.16881692] evals
0.03454534482717141 rms
(15, 9)
[-0.69220935  0.95516349  0.28508791  0.00880034  0.60707209 -0.8372529
  0.80081914  0.42765316] evals
0.03894814534728683 rms
(15, 9)
[-0.56931246  0.99422455  0.28661505  0.83786023  0.29644366 -0.28826829
  0.79812862  0.12207264] evals
0.034567013754536226 rms
(15, 9)
[-0.57076466  0.89502927  0.28945105  0.99559472  0.59483165 -0.79422872
  0.80837361  0.17202946] evals
0.034544962771281384 rms
differential_evolution step 5: f(x)= 0.0345444
[-0.61321268  0.9552946   0.28778591  0.99982842  0.58845523 -0.83559293
  0.80414374  0.14148387] iters
5/20 ||||||||||||______________________________________ 25.0% GA is running...(15, 9)
[-0.58852648 -0.07481683  0.28818303  0.65137792  0.57306693  0.37661168
  0.81676054  0.14148387] evals
0.034831231454103856 rms
(15, 9)
[ 0.23139179  0.92869613  0.1928337   0.82383173  0.7552473  -0.65173173
  0.77014337 -0.13421359] evals
0.034661787314271074 rms
(15, 9)
[-0.45866688  0.99731865  0.30079111  0.91758611  0.45289892 -0.76711534
  0.79424124  0.12997341] evals
0.03455767050034929 rms
(15, 9)
[ 0.3809174  -0.32179428  0.28442082  0.59096091  0.7435034  -0.68581298
  0.7032689   0.47177991] evals
0.03506134434041939 rms
(15, 9)
[-0.57854833  0.52075013  0.30393664  0.93516783  0.39060337 -0.87791344
  0.78660209  0.15071587] evals
0.034555666405136985 rms
(15, 9)
[-0.5867868  -0.16155681  0.25453114  0.86421178  0.72785554 -0.76922602
  0.75415261  0.10562679] evals
0.034632261505198964 rms
(15, 9)
[-0.5792733  -0.18635634  0.2323808   0.69756035  0.532391   -0.34277936
  0.7992856   0.41390299] evals
0.03457454134825505 rms
(15, 9)
[ 0.7667806   0.49571879  0.29535318  0.93048166  0.20776556 -0.31541465
  0.86883302  0.09250597] evals
0.034554175253360034 rms
(15, 9)
[-0.42894827  0.94271109  0.33410595  0.17482393  0.7241047  -0.24627373
  0.91640628 -0.02994718] evals
0.03894510235043858 rms
(15, 9)
[-0.49644479  0.97863141  0.28318972  0.98805452  0.97061622 -0.42781819
  0.70296285  0.10353261] evals
0.034545401557396944 rms
(15, 9)
[-0.58828228  0.96350203  0.27649748 -0.13610781  0.78520463 -0.97337002
  0.80628947  0.15204001] evals
0.038948629635588754 rms
(15, 9)
[-0.4014235   0.8999929   0.29311736  0.97531443  0.62835655 -0.68958863
  0.83796185  0.14466656] evals
0.03454765375967991 rms
(15, 9)
[ 0.98305016  0.24287345  0.222376    0.79750297 -0.50182755 -0.70860508
  0.74189672  0.16802014] evals
0.034636682719947444 rms
(15, 9)
[-0.69059577  0.88554393  0.27276482  0.65864214  0.46387782 -0.67457043
  0.82375695  0.4551196 ] evals
0.03474823577351538 rms
(15, 9)
[-0.3016656   0.53359252  0.51268368  0.91556781  0.72074947 -0.25023715
  0.89343836  0.337254  ] evals
0.03715990508743426 rms
(15, 9)
[-0.53190466  0.13844014  0.25282791 -0.22297295  0.76789455 -0.12593535
  0.88083639  0.54038489] evals
0.03895009686043327 rms
(15, 9)
[ 0.61041094 -0.23373015  0.32754897  0.3326869   0.34571029 -0.32926047
  0.79252417  0.42188635] evals
0.038929657669505194 rms
(15, 9)
[-0.44512154  0.49503527  0.28279616 -0.58354179  0.36352512 -0.42112021
  0.87258786  0.39982707] evals
0.038948039536802426 rms
(15, 9)
[-0.58245577  0.33511934  0.25249597  0.45597542 -0.82570525 -0.38011456
  0.78833174  0.14194982] evals
0.03574008099266676 rms
(15, 9)
[ 0.00711007  0.92197541  0.28797018  0.99613342  0.64266637 -0.70176604
  0.80668806 -0.12837187] evals
0.034544813319322 rms
(15, 9)
[-0.54145523  0.92209632  0.28691014  0.99584018  0.24393086 -0.9223959
  0.85653745  0.0972329 ] evals
0.034544786289288455 rms
(15, 9)
[-0.37558762  0.55504148  0.26545357  0.86201274 -0.03015381 -0.72319696
  0.98436065  0.42518842] evals
0.03455802767134495 rms
(15, 9)
[-0.18804601 -0.2702235  -0.10032861  0.08403543  0.56384068 -0.71926497
  0.82398358  0.38895883] evals
0.03470188688327667 rms
(15, 9)
[-0.54736929  0.92483243  0.28698232  0.99616888  0.27232564 -0.91524183
  0.8522193   0.10087994] evals
0.03454475638428352 rms
(15, 9)
[ 0.51178451  0.58075657  0.30485391  0.98320279  0.35008306 -0.44333951
  0.89971018  0.41681263] evals
0.03454853583761695 rms
(15, 9)
[-0.93940559  0.43544988  0.67504682  0.43543904  0.38663571  0.77769244
  0.81481828 -0.12932535] evals
0.03892360537260213 rms
(15, 9)
[-0.6814073   0.98274297  0.28984811 -0.43274194  0.24364183  0.53105732
  0.90086683  0.16038965] evals
0.03894765553490337 rms
(15, 9)
[-0.72899561 -0.30771261  0.32521033  0.91044125  0.27812505 -0.47773157
  0.82606521  0.41510882] evals
0.03459764829902695 rms
(15, 9)
[-0.92475976 -0.72902006  0.27703875 -0.57181656  0.90371904  0.81421601
  0.71484911 -0.05428626] evals
0.038948410297705606 rms
(15, 9)
[-0.62939382  0.9590673   0.29389553  0.83461219  0.42585705 -0.58557374
  0.9016354   0.19365491] evals
0.03458364522058321 rms
(15, 9)
[-0.23747623  0.23695324  0.30946245  0.84353144  0.66373911 -0.32185893
  0.86398873  0.41271952] evals
0.0346287248886709 rms
(15, 9)
[-0.57076466  0.10960375  0.28945105  0.99559472  0.42745835 -0.79422872
  0.76402646  0.12800169] evals
0.034544962771281384 rms
differential_evolution step 6: f(x)= 0.0345444
[-0.61321268  0.9552946   0.28778591  0.99982842  0.58845523 -0.83559293
  0.80414374  0.14148387] iters
6/20 |||||||||||||||___________________________________ 30.0% GA is running...(15, 9)
[-0.44011777 -0.02451829  0.23864251  0.73587699  0.49096707 -0.51823328
  0.79759965  0.14148387] evals
0.034570334455235434 rms
(15, 9)
[-0.34448218  0.61965108  0.26298086  0.86016735  0.63487881 -0.27499687
  0.84200677  0.4203876 ] evals
0.034557914218030096 rms
(15, 9)
[-0.45866688  0.5226594   0.30032269  0.91814014  0.45289892 -0.16465241
  0.85141297  0.12997341] evals
0.03455743847477667 rms
(15, 9)
[-0.54300053 -0.01538658  0.28442082  0.50365144  0.68584867 -0.68581298
  0.81561612  0.11253986] evals
0.03613745074886821 rms
(15, 9)
[-0.66167563  0.93277783  0.08896661 -0.14472685  0.47150144 -0.67242406
  0.80120081 -0.12694975] evals
0.03889677560455729 rms
(15, 9)
[-0.5890112  -0.75508416  0.2356474   0.99088389  0.86494733 -0.15748454
  0.76230532  0.19731716] evals
0.034650001002714884 rms
(15, 9)
[-0.5792733  -0.98845165  0.2323808   0.69756035  0.532391   -0.33274012
  0.79613096 -0.09225086] evals
0.03457454134825505 rms
(15, 9)
[-0.58051386 -0.14462646  0.29535318 -0.75862279  0.53444027 -0.36079279
  0.79946317  0.11441953] evals
0.038947167540728626 rms
(15, 9)
[-0.65402283 -0.26577016  0.32293817  0.70998333  0.54767974 -0.38797328
  0.83411767  0.12142573] evals
0.03493900642475982 rms
(15, 9)
[-0.49644479  0.97863141  0.28318972  0.98805452  0.44084188 -0.59835342
  0.70296285  0.21238727] evals
0.034545401557396944 rms
(15, 9)
[-0.49468098  0.35244893  0.29245096  0.99285477  0.71014666 -0.68604053
  0.81712113  0.16093593] evals
0.034545505896373 rms
(15, 9)
[-0.5584478   0.95340857  0.08490339 -0.46813522  0.34100489 -0.70114142
  0.71175255 -0.0642681 ] evals
0.03903984058735017 rms
(15, 9)
[-0.58942882  0.87250394  0.30014278  0.80145141  0.2859236   0.7340058
  0.81629937  0.21017697] evals
0.034650978964427044 rms
(15, 9)
[-0.61873073  0.83521612  0.25038026  0.94156504  0.62840765 -0.67457043
  0.84490412  0.16564993] evals
0.034625177224224576 rms
(15, 9)
[-0.66075936 -0.51387565  0.51268368  0.98771668  0.41286805 -0.75044049
  0.76378948  0.05164379] evals
0.036250822053774646 rms
(15, 9)
[-0.12689127  0.95588907  0.29092369  0.82185528  0.55028022 -0.12593535
  0.88083639 -0.3890761 ] evals
0.03458947848220889 rms
(15, 9)
[-0.60785503  0.89906034  0.28718187  0.99912206  0.55623935 -0.32926047
  0.83804926  0.42188635] evals
0.034544466093642125 rms
(15, 9)
[-0.57342151  0.92119625  0.2844969   0.99294556  0.76253303 -0.68855697
  0.66837719  0.39982707] evals
0.03456628686148333 rms
(15, 9)
[-0.64438584 -0.65333087  0.28920977  0.08774771  0.53254401 -0.77854687
  0.78833174  0.39700596] evals
0.038947916986018336 rms
(15, 9)
[ 0.11827628  0.94273367  0.28247599  0.96605023  0.64266637  0.52803253
  0.80668806 -0.16044145] evals
0.03454764341908746 rms
(15, 9)
[-0.50659142  0.92209632  0.34784946  0.29168488  0.24393086 -0.68699617
  0.85301541  0.33793967] evals
0.03894427926864923 rms
(15, 9)
[-0.50842556  0.42235312  0.29191001  0.97934131  0.56927617 -0.70338218
  0.81561631  0.15868033] evals
0.034547019325264106 rms
(15, 9)
[ 0.7679484   0.78636646  0.34769041  0.99920399  0.68563983 -0.71926497
  0.8141588   0.40884306] evals
0.0345633030020675 rms
(15, 9)
[ 0.89004974  0.36030223  0.33310438  0.99616888  0.22629486 -0.22212233
  0.80955415 -0.18216561] evals
0.03455467225099749 rms
(15, 9)
[-0.64527937 -0.31143685  0.24178029  0.74306789  0.49070326 -0.52346135
  0.82328226 -0.35714356] evals
0.03456994209976982 rms
(15, 9)
[-0.32362486  0.52815419  0.25941435 -0.08993939  0.89807493  0.94402586
  0.81466088 -0.0975987 ] evals
0.03894973476739169 rms
(15, 9)
[-0.51407932  0.98274297  0.09174055  0.85319981  0.7099335  -0.28350355
  0.90761824 -0.24813144] evals
0.03469573168341987 rms
(15, 9)
[-0.62446427  0.93151776  0.2872095   0.99447346  0.96866856 -0.2600475
  0.75834098  0.20154308] evals
0.03454494250618362 rms
(15, 9)
[-0.88882734 -0.63090906  0.27298465  0.35117444  0.70241031 -0.26420399
  0.80040875  0.21786186] evals
0.03854666683372888 rms
(15, 9)
[-0.82391943  0.52518513  0.29944938  0.91817149  0.42585705 -0.58557374
  0.89166455  0.19365491] evals
0.03455717876462249 rms
(15, 9)
[-0.67909715 -0.50268758  0.27579864 -0.23263099  0.7942082   0.6856038
  0.77120945  0.13938069] evals
0.03894863306524611 rms
(15, 9)
[-0.76181247  0.98543902  0.28750888 -0.34826454  0.42745835 -0.79422872
  0.84788176 -0.08690262] evals
0.03894783999351045 rms
differential_evolution step 7: f(x)= 0.0345444
[-0.61321268  0.9552946   0.28778591  0.99982842  0.58845523 -0.83559293
  0.80414374  0.14148387] iters
7/20 ||||||||||||||||||________________________________ 35.0% GA is running...(15, 9)
[-0.69497176 -0.97107423  0.29529865  0.8547062   0.56404311 -0.85243803
  0.8029152   0.14194913] evals
0.03456708973950871 rms
(15, 9)
[-0.34448218  0.95821931  0.28787884  0.99940415  0.81343623 -0.6299795
  0.77366051  0.17386498] evals
0.03454447147230846 rms
(15, 9)
[-0.58928001  0.95321927  0.28771538 -0.8072667   0.45289892  0.33417545
  0.83328647  0.12997341] evals
0.03894763207766964 rms
(15, 9)
[-0.65295389  0.92130297  0.28903377  0.7574794   0.75230896 -0.68581298
  0.82133482  0.1381175 ] evals
0.03466926581759901 rms
(15, 9)
[-0.45118194 -0.15900963  0.28878255  0.20419516  0.70342013 -0.8217875
  0.83619135  0.2982423 ] evals
0.03895785782341015 rms
(15, 9)
[ 0.81808362  0.99486311  0.27360203  0.9994363   0.66661889 -0.88732568
  0.85041737  0.46333442] evals
0.03461965470764231 rms
(15, 9)
[-0.11768332  0.92959382  0.29162186  0.99179468  0.49454006 -0.79617197
  0.83721518 -0.09225086] evals
0.0345455498851555 rms
(15, 9)
[-0.13417216  0.94739944  0.29207373  0.93048166  0.45916488 -0.97354877
  0.83837463  0.15432331] evals
0.0345534548399238 rms
(15, 9)
[-0.73340782  0.96363089  0.28745202  0.70998333  0.59044488 -0.84472174
  0.78190907  0.31205504] evals
0.034732836640364646 rms
(15, 9)
[-0.72892192  0.95667137  0.29109723  0.9780957   0.50229107 -0.59835342
  0.70296285  0.21238727] evals
0.034547075580611736 rms
(15, 9)
[-0.49468098  0.9668699   0.30323373  0.99285477  0.48213759 -0.84615834
  0.82456189  0.16093593] evals
0.03454691275406589 rms
(15, 9)
[-0.61015828 -0.41833799  0.30729401 -0.15560477  0.62835655 -0.534618
  0.82138584  0.13397367] evals
0.03894666494467585 rms
(15, 9)
[-0.5666881   0.87250394  0.30922092  0.30851957  0.55873205 -0.70860508
  0.8156194   0.14869855] evals
0.03894339386229576 rms
(15, 9)
[-0.67827199  0.83521612  0.35729175  0.99968468  0.49825888 -0.85981164
  0.7876251   0.16564993] evals
0.034597831509227475 rms
(15, 9)
[-0.78929121 -0.51387565  0.28727684  0.99795904  0.41286805 -0.69976013
  0.76378948  0.23374047] evals
0.03454458863297857 rms
(15, 9)
[-0.12689127  0.95588907  0.29092369  0.99590538  0.66506102 -0.81583754
  0.79382029  0.14937818] evals
0.03454503626392843 rms
(15, 9)
[-0.59990484  0.51557156  0.30884612 -0.85140526  0.54039167 -0.9964576
  0.80868265  0.15304885] evals
0.0389462711583435 rms
(15, 9)
[-0.62516806  0.26477321  0.28602022  0.31444165  0.66697859 -0.68855697
  0.80322414  0.13113362] evals
0.03892249436865802 rms
(15, 9)
[-0.65483498  0.57922934  0.28614778  0.59934038  0.54572339 -0.88810812
  0.79958674  0.39700596] evals
0.035039468413877374 rms
(15, 9)
[-0.64154604  0.92197541  0.28797018  0.99835992  0.64266637 -0.70176604
  0.78681616  0.16443984] evals
0.03454458325454532 rms
(15, 9)
[-0.73165272  0.92209632  0.28809209  0.99584018  0.55872065 -0.9223959
  0.85653745  0.14437155] evals
0.034544850881613715 rms
(15, 9)
[-0.50842556  0.28697085  0.30026084 -0.87053733  0.61860836 -0.73416875
  0.81062538  0.06803085] evals
0.03894680832497022 rms
(15, 9)
[-0.69617576  0.94057815  0.28810989  0.99920399  0.64097756 -0.74744291
  0.8141588   0.13848612] evals
0.03454450394721891 rms
(15, 9)
[-0.48677942  0.96314948  0.28938885  0.99616888  0.65527053 -0.85147236
  0.79850543  0.1592065 ] evals
0.03454489742154466 rms
(15, 9)
[-0.59618564 -0.47360529  0.28784042 -0.58319867  0.50052169 -0.96385342
  0.77371153  0.16972115] evals
0.038947719225312843 rms
(15, 9)
[-0.52099487  0.96654583  0.30116351  0.2453728   0.64146748 -0.15629624
  0.80005982  0.14440973] evals
0.038952820038682924 rms
(15, 9)
[-0.61761338  0.9473212   0.28984811  0.98572243  0.55668952 -0.15534226
  0.81595889  0.13319089] evals
0.0345460738302037 rms
(15, 9)
[-0.5956381   0.98753632  0.30901405 -0.38465464  0.58412223 -0.99107421
  0.80914979  0.15374906] evals
0.03894645851479608 rms
(15, 9)
[-0.68105008  0.89793686  0.28711097  0.48762012  0.58392595 -0.80626696
  0.80407017  0.16881692] evals
0.03645730849006917 rms
(15, 9)
[-0.61064789  0.52518513  0.28774026  0.91817149  0.72557536 -0.7725348
  0.79098809  0.15090901] evals
0.03455432872078356 rms
(15, 9)
[-0.64684875  0.94643429  0.28816063  0.99956639  0.57511494 -0.83016072
  0.79565573  0.15292185] evals
0.03454446942477843 rms
(15, 9)
[-0.58335315  0.82985496  0.28945105  0.99559472  0.7222803  -0.79422872
  0.79321102  0.12800169] evals
0.034544962771281384 rms
differential_evolution step 8: f(x)= 0.0345444
[-0.61321268  0.9552946   0.28778591  0.99982842  0.58845523 -0.83559293
  0.80414374  0.14148387] iters
8/20 ||||||||||||||||||||______________________________ 40.0% GA is running...(15, 9)
[-0.52733865  0.97126368  0.28928176  0.75135229  0.6436464  -0.81144077
  0.7859948   0.14148387] evals
0.03467901038417376 rms
(15, 9)
[-0.34448218  0.30265226  0.28787884  0.99918939  0.81343623 -0.7544568
  0.76667069  0.04216732] evals
0.034544493424054655 rms
(15, 9)
[-0.62546898  0.94088156  0.28786562  0.99919318  0.6119056  -0.77770279
  0.85141297  0.15141405] evals
0.034544492359076924 rms
(15, 9)
[-0.70573487  0.76257952  0.28213465 -0.43628277  0.68584867 -0.68581298
  0.73881631  0.14773172] evals
0.03894814406466566 rms
(15, 9)
[-0.65622336 -0.57869015  0.28574064  0.98817972  0.58281583 -0.67375731
  0.81384766  0.25534016] evals
0.03454551172785211 rms
(15, 9)
[-0.53959316  0.75434501  0.29126647  0.9994363   0.4253288  -0.60490409
  0.83344066  0.24561203] evals
0.03454467842637569 rms
(15, 9)
[-0.60981454  0.95808023  0.29162186  0.99179468  0.56457015 -0.56637545
  0.7888072   0.133601  ] evals
0.0345455498851555 rms
(15, 9)
[-0.59990911 -0.50465774  0.29207373  0.96530889  0.45916488 -0.88055712
  0.82039354  0.09652806] evals
0.03454875904887533 rms
(15, 9)
[-0.55129447 -0.28069209  0.28213465  0.45067622  0.7241047  -0.18518424
  0.73881631  0.12142573] evals
0.036890755767893 rms
(15, 9)
[-0.63852699 -0.74308333  0.28318972  0.18192161  0.51944461  0.64885937
  0.79887161  0.14675059] evals
0.03895945682475776 rms
(15, 9)
[-0.64696226  0.01382972  0.28717236  0.99389614  0.64527857 -0.64112381
  0.81712113  0.16093593] evals
0.03454500013241236 rms
(15, 9)
[ 0.00502207  0.26737059  0.27155999  0.97185052  0.5081165  -0.76678716
  0.79169017  0.24360182] evals
0.03462216994484381 rms
(15, 9)
[ 0.98305016  0.87250394  0.28162026 -0.93870742  0.2859236   0.83265503
  0.78288215  0.01683711] evals
0.038947963504176245 rms
(15, 9)
[-0.59048528  0.22309237  0.28558349  0.99968468  0.49825888 -0.85059666
  0.81791076  0.14336639] evals
0.034544344416546476 rms
(15, 9)
[-0.78929121 -0.51387565  0.28727684  0.98926407  0.41286805 -0.87638207
  0.8457259   0.23374047] evals
0.03454549124024222 rms
(15, 9)
[-0.78289845 -0.4136988   0.28532308  0.99905956  0.32498319 -0.880782
  0.79382029  0.14937818] evals
0.03454439652322215 rms
(15, 9)
[ 0.06640237  0.7352353   0.28718187  0.99568178  0.40967636 -0.32926047
  0.85571583  0.42188635] evals
0.034544816581340294 rms
(15, 9)
[-0.44512154  0.20464349  0.28809928  0.9873807   0.68701579 -0.88763528
  0.76709763  0.10781944] evals
0.034545749652778776 rms
(15, 9)
[ 0.78223511  0.62318195  0.28597131  0.66708371  0.73232968 -0.72719936
  0.78392821  0.17493788] evals
0.034794364179469746 rms
(15, 9)
[-0.64154604  0.92197541  0.28327724  0.26422782  0.48099858 -0.91375444
  0.78681616  0.14198964] evals
0.038974676802870444 rms
(15, 9)
[-0.50416701  0.76102237  0.28736915  0.99818588  0.67011959 -0.9223959
  0.8176472   0.13411946] evals
0.03454457011262351 rms
(15, 9)
[-0.92043474  0.42235312  0.30185461  0.39552652  0.47806269 -0.70338218
  0.8072944   0.07274185] evals
0.03861586176510547 rms
(15, 9)
[-0.6353381   0.28280411  0.28550248 -0.30799648  0.44899716 -0.71926497
  0.82673617  0.12759435] evals
0.03894798454919193 rms
(15, 9)
[-0.60313176  0.22270871  0.28485353  0.99616888  0.50622925 -0.67737758
  0.80912812  0.10087994] evals
0.03454466343304777 rms
(15, 9)
[-0.68722287 -0.31143685  0.27878257 -0.00569773  0.67125638 -0.84073737
  0.77678951  0.25652923] evals
0.038948539803350765 rms
(15, 9)
[-0.57552902  0.43544988  0.28882313  0.99593944  0.44783256 -0.85819665
  0.90568868  0.0079274 ] evals
0.03454488499270911 rms
(15, 9)
[-0.63635699  0.75663541  0.28563962  0.73560259  0.56399429 -0.15534226
  0.81595889  0.16143798] evals
0.03468704713024683 rms
(15, 9)
[-0.62446427  0.93151776  0.2872095   0.96856523  0.5082795   0.02333234
  0.75834098  0.13561988] evals
0.03454777646572586 rms
(15, 9)
[-0.56009671  0.8866555   0.28646823 -0.80242987  0.50069834 -0.92060267
  0.81371308  0.09411503] evals
0.03894771335756021 rms
(15, 9)
[ 0.114617    0.59453318  0.29119417  0.9910561   0.34281098 -0.87978735
  0.79098809  0.16466682] evals
0.03454559483370483 rms
(15, 9)
[-0.55686986 -0.32486373  0.28560707  0.99249285  0.45597384 -0.83016072
  0.8261896   0.13522497] evals
0.03454506257261296 rms
(15, 9)
[-0.58335315  0.72193589  0.31849146 -0.01754154  0.30871278 -0.02651391
  0.86535674  0.18175794] evals
0.03894601233862555 rms
differential_evolution step 9: f(x)= 0.0345443
[-0.59048528  0.22309237  0.28558349  0.99968468  0.49825888 -0.85059666
  0.81791076  0.14336639] iters
9/20 ||||||||||||||||||||||____________________________ 45.0% GA is running...(15, 9)
[-0.59048528  0.06120085  0.28683627  0.99968468  0.49243286 -0.85059666
  0.82139578  0.14859015] evals
0.034544393852579666 rms
(15, 9)
[-0.34448218  0.95821931  0.28787884  0.37766087  0.4610636  -0.6299795
  0.77366051  0.17386498] evals
0.03857971485954476 rms
(15, 9)
[-0.59354755  0.44562983  0.28647426  0.17745418  0.52323665 -0.8986577
  0.81639665  0.15570064] evals
0.038955273670413085 rms
(15, 9)
[-0.54300053  0.11788219  0.28659461  0.99721288  0.68584867 -0.68581298
  0.79955551  0.14739218] evals
0.034544631608874304 rms
(15, 9)
[-0.61086928 -0.57869015  0.28574064 -0.55308428  0.46136798 -0.67375731
  0.84527202  0.09757221] evals
0.03894786540100473 rms
(15, 9)
[-0.64365818 -0.1756842   0.28501885  0.9996657   0.42801025 -0.23942675
  0.83344066  0.06058664] evals
0.03454432732172447 rms
(15, 9)
[-0.66294623  0.95808023  0.28462686  0.93189585  0.38330586 -0.25034181
  0.83418329  0.06815663] evals
0.034551928279175685 rms
(15, 9)
[ 0.71016642 -0.54077662  0.29597837 -0.19765721  0.46545274 -0.88055712
  0.84119162  0.01755285] evals
0.038947365871910264 rms
(15, 9)
[-0.58326695  0.04818442  0.22406815  0.58891651  0.4539494  -0.28524633
  0.84988107  0.03313373] evals
0.03465309038111912 rms
(15, 9)
[-0.52583569  0.97863141  0.28679302  0.99278695  0.44084188 -0.59835342
  0.85597198  0.03352868] evals
0.03454509374664058 rms
(15, 9)
[-0.61873092 -0.1151548   0.28717236  0.99389614  0.64527857 -0.19470744
  0.81712113  0.16093593] evals
0.03454500013241236 rms
(15, 9)
[-0.4014235   0.8999929   0.28894759  0.99343102  0.22061296 -0.37568499
  0.87971595  0.06320935] evals
0.034545159436141164 rms
(15, 9)
[ 0.98305016 -0.15775574  0.28636758  0.99743986  0.43054089 -0.31145512
  0.91067771 -0.02698574] evals
0.03454459846230526 rms
(15, 9)
[-0.61321268  0.9552946   0.28593383 -0.65933408  0.46011153 -0.26990252
  0.84628551  0.07593737] evals
0.03894780803519917 rms
(15, 9)
[-0.6632111  -0.51387565  0.28727684  0.62427733  0.50889146 -0.23816413
  0.82066174  0.07052786] evals
0.0349241928810414 rms
(15, 9)
[-0.72870828 -0.18379532  0.28481552  0.9981679   0.47516514 -0.880782
  0.82878705  0.06899441] evals
0.034544466395098804 rms
(15, 9)
[-0.60785503 -0.11812134  0.28718187  0.99912206  0.55623935 -0.17772171
  0.83238099  0.05860451] evals
0.034544466093642125 rms
(15, 9)
[-0.60983459 -0.55778744  0.28492158  0.99469493  0.40236853 -0.24811353
  0.84183276  0.10781944] evals
0.03454481165028311 rms
(15, 9)
[ 0.78223511 -0.04527004  0.28464041 -0.18220056  0.48728953 -0.18689148
  0.78833174  0.0680986 ] evals
0.038948092709724824 rms
(15, 9)
[-0.64154604  0.92197541  0.28694065  0.99348599  0.44958315 -0.70176604
  0.83274367  0.06523855] evals
0.034545029678838976 rms
(15, 9)
[-0.63765004  0.00874849  0.28641544  0.99949128  0.67011959 -0.27492259
  0.82860552  0.13411946] evals
0.03454439535145345 rms
(15, 9)
[-0.50842556  0.42235312  0.29191001 -0.9323742   0.47227582 -0.70338218
  0.82871699  0.07140875] evals
0.03894731252705201 rms
(15, 9)
[-0.63925911  0.95051738  0.28350165  0.99920399  0.41268194 -0.39800531
  0.8141588   0.05077155] evals
0.03454433028719184 rms
(15, 9)
[-0.21808703  0.0486002   0.27362441  0.99616888  0.37159346 -0.67737758
  0.82469531  0.13229758] evals
0.03461995037423271 rms
(15, 9)
[-0.63813285 -0.31143685  0.28588361  0.98320279  0.4838721  -0.40293875
  0.8389001   0.08817726] evals
0.03454604270810569 rms
(15, 9)
[-0.86608764  0.43544988  0.28460996  0.99804549  0.49298009 -0.01936222
  0.84102603  0.0510252 ] evals
0.0345444716329362 rms
(15, 9)
[-0.63140027  0.9473212   0.28984811  0.52863241  0.41694342 -0.20649332
  0.81595889  0.06647689] evals
0.03596626496915973 rms
(15, 9)
[-0.66904163 -0.50181783  0.28462047  0.33103123  0.96866856 -0.23190017
  0.84347475  0.02770955] evals
0.038857373044449126 rms
(15, 9)
[-0.64301658  0.15775163  0.28633031  0.99011153  0.70241031 -0.37987146
  0.81927754  0.09213411] evals
0.03454534482717141 rms
(15, 9)
[-0.63411857 -0.50030435  0.28613679  0.99964081  0.47161865 -0.17251125
  0.79098809  0.06296606] evals
0.034544369330592656 rms
(15, 9)
[-0.63446069 -0.11696078  0.28816063  0.99956639  0.44999323 -0.17101262
  0.79565573  0.05160333] evals
0.03454446942477843 rms
(15, 9)
[-0.58335315 -0.41994342  0.28945105  0.99931726  0.44112772 -0.23458069
  0.83731049  0.05540808] evals
0.034544568771557004 rms
differential_evolution step 10: f(x)= 0.0345443
[-0.64365818 -0.1756842   0.28501885  0.9996657   0.42801025 -0.23942675
  0.83344066  0.06058664] iters
10/20 |||||||||||||||||||||||||_________________________ 50.0% GA is running...(15, 9)
[-0.64365818  0.07044058  0.28397744  0.99883175  0.42801025 -0.09201748
  0.83344066  0.01265721] evals
0.03454437740599229 rms
(15, 9)
[-0.79260882  0.14362012  0.28353535  0.99940415  0.3915218  -0.14808373
  0.83842719  0.05621484] evals
0.034544312102509245 rms
(15, 9)
[-0.80958112  0.79723158  0.28786562 -0.9798383   0.39747066 -0.2345425
  0.82246463  0.02330916] evals
0.03894754929948225 rms
(15, 9)
[-0.54300053  0.11788219  0.28659461  0.03877472  0.40927408  0.09754545
  0.80094396  0.07319455] evals
0.03894806234567455 rms
(15, 9)
[-0.7060691   0.98829374  0.28135778 -0.2986853   0.39141445 -0.67375731
  0.86748062 -0.0493231 ] evals
0.03894825182327018 rms
(15, 9)
[ 0.27335488 -0.14784083  0.30483822  0.04949916  0.522049   -0.26560844
  0.84490115 -0.08776439] evals
0.038946907958919495 rms
(15, 9)
[-0.8790556   0.95808023  0.24611237  0.99179468  0.68193987 -0.03820137
  0.7930203   0.08979451] evals
0.03464001805911405 rms
(15, 9)
[-0.73967072 -0.50465774  0.28177315  0.30600547  0.32469995 -0.88055712
  0.86150706 -0.00127113] evals
0.038929184139942716 rms
(15, 9)
[-0.870242   -0.00900415  0.28031693 -0.77202989  0.46831463  0.03851985
  0.84053902  0.01783044] evals
0.0389481170463261 rms
(15, 9)
[-0.81741773  0.97863141  0.28235562  0.99268508  0.38826894 -0.05473565
  0.84402449  0.12188806] evals
0.03454492257103229 rms
(15, 9)
[-0.81220818  0.55224556  0.28447324  0.99639827  0.66285787  0.19254976
  0.81712113  0.16093593] evals
0.03454462753751552 rms
(15, 9)
[-0.4014235   0.02090931  0.28367584  0.99343102  0.39916402 -0.52763226
  0.82002822  0.08497145] evals
0.03454489026034662 rms
(15, 9)
[-0.89803447  0.54819762  0.28273576 -0.92604693  0.38526531 -0.31145512
  0.91067771  0.02644889] evals
0.03894789801082981 rms
(15, 9)
[-0.74561988  0.9552946   0.28318067  0.99982842  0.22838902 -0.39366867
  0.86220006  0.02498016] evals
0.03454426463577813 rms
(15, 9)
[ 0.01878665 -0.06044714  0.2618778   0.99795904  0.09786182 -0.27614396
  0.8557261   0.16895939] evals
0.03462424289004338 rms
(15, 9)
[-0.78289845  0.95093229  0.28532308  0.99584337  0.14077868 -0.29655142
  0.87682306  0.14937818] evals
0.034544713704341534 rms
(15, 9)
[-0.60785503  0.65383723  0.27913615  0.51844103  0.18709529 -0.07814705
  0.8923203  -0.02265021] evals
0.035707440654052285 rms
(15, 9)
[-0.83308773  0.65384082  0.28367754  0.99469493  0.08000427 -0.63871836
  0.82481364  0.10781944] evals
0.03454476730185343 rms
(15, 9)
[-0.84284087 -0.71396477  0.24966227  0.92921853  0.45955639 -0.48206284
  0.85278682  0.39700596] evals
0.0346255284018098 rms
(15, 9)
[-0.64154604  0.92197541  0.28601927 -0.17724002  0.64266637 -0.76572396
  0.81591986  0.08949753] evals
0.038948007214050805 rms
(15, 9)
[-0.79339349  0.00874849  0.31898236 -0.51813359  0.08275304 -0.38635878
  0.82860552  0.13411946] evals
0.03894576880337164 rms
(15, 9)
[-0.50842556  0.42235312  0.28209746  0.60979942  0.27798115 -0.70885028
  0.81561631  0.15868033] evals
0.03493257952396161 rms
(15, 9)
[-0.83642647  0.1739618   0.28350165  0.99975135  0.41268194 -0.45312558
  0.8141588   0.02380586] evals
0.0345442785302873 rms
(15, 9)
[-0.60313176  0.17576097  0.28485353  0.57441814 -0.07590076 -0.37897921
  0.9077503  -0.05931168] evals
0.03518605348762491 rms
(15, 9)
[-0.76899585  0.72549838  0.28588361 -0.9419418   0.18327167 -0.40293875
  0.87622372  0.00173866] evals
0.03894769129006511 rms
(15, 9)
[-0.73590222  0.49898429  0.28415403  0.99184311  0.28993229 -0.38462988
  0.87391108  0.07204052] evals
0.03454506405180746 rms
(15, 9)
[-0.61761338 -0.61236849  0.28371948 -0.13157708  0.28250287 -0.10049443
  0.87431176  0.0053997 ] evals
0.03894817270591975 rms
(15, 9)
[-0.83308773  0.65384082  0.2872095   0.99894461  0.08000427 -0.63871836
  0.82481364  0.20154308] evals
0.03454448534250052 rms
(15, 9)
[-0.8623127   0.49409979  0.2816607   0.99989218  0.70241031 -0.55552926
  0.81927754  0.00239225] evals
0.03461997927089155 rms
(15, 9)
[-0.61732079  0.60278758  0.28341652 -0.95740699  0.19091389 -0.52060365
  0.85782475  0.03049528] evals
0.03894784145386521 rms
(15, 9)
[-0.63446069 -0.08691299  0.28546743 -0.75722844  0.27039069 -0.25085303
  0.84896738  0.05160333] evals
0.03894779611844437 rms
(15, 9)
[-0.84658633 -0.41994342  0.28945105  0.99979237  0.09499861 -0.23458069
  0.83995794  0.07733914] evals
0.03454451895197308 rms
differential_evolution step 11: f(x)= 0.0345443
[-0.74561988  0.9552946   0.28318067  0.99982842  0.22838902 -0.39366867
  0.86220006  0.02498016] iters
11/20 ||||||||||||||||||||||||||||______________________ 55.0% GA is running...(15, 9)
[-0.74561988  0.9552946   0.28318067 -0.372144    0.24183332 -0.39366867
  0.8442969   0.03261882] evals
0.03894810483159005 rms
(15, 9)
[-0.64365818  0.99716095  0.28445851  0.9996657   0.24588193 -0.23942675
  0.83344066 -0.03751502] evals
0.03454431055556259 rms
(15, 9)
[-0.62546898  0.83413004  0.3182314   0.99919318  0.02643673 -0.31522439
  0.85141297  0.02525818] evals
0.03454924491936321 rms
(15, 9)
[-0.71543894  0.11788219  0.28204629  0.99989755  0.37570524 -0.68581298
  0.84356244 -0.00638881] evals
0.03462000649019191 rms
(15, 9)
[-0.72408993 -0.57869015  0.28574064  0.99950151  0.4150201  -0.35656281
  0.81384766  0.08278092] evals
0.03454436807268728 rms
(15, 9)
[-0.65549611 -0.54028814  0.31902531  0.85022789  0.49825888 -0.59959719
  0.81791076  0.00305866] evals
0.03465661857785762 rms
(15, 9)
[-0.75082125  0.95808023  0.28214105  0.06241707  0.14402852 -0.02974132
  0.82586401 -0.02820737] evals
0.038948355331490506 rms
(15, 9)
[-0.70641159  0.91631889  0.28225688 -0.08422712  0.45916488 -0.18728955
  0.89230217 -0.06579822] evals
0.038948285726789815 rms
(15, 9)
[-0.61561574 -0.28069209  0.27946902  0.70998333  0.7241047  -0.61754244
  0.80099498 -0.00401623] evals
0.03469922770616291 rms
(15, 9)
[-0.81741773  0.72159129  0.28114069  0.99268508  0.25902878  0.18978536
  0.84157892  0.12188806] evals
0.0345448951337263 rms
(15, 9)
[-0.81267035 -0.94973093  0.28140303  0.99994124  0.08212472 -0.52666001
  0.81712113  0.00213763] evals
0.03461995621923712 rms
(15, 9)
[-0.84501281  0.02090931  0.28045958 -0.68991485  0.39916402 -0.82990637
  0.84888718  0.03471426] evals
0.03894814283586484 rms
(15, 9)
[-0.7475578  -0.17399404  0.28636758  0.26876071  0.25669082 -0.27148819
  0.85542568 -0.02698574] evals
0.03897235028303542 rms
(15, 9)
[-0.79260882  0.14362012  0.28241477  0.15797138  0.23386604 -0.14808373
  0.86347847  0.00263905] evals
0.038955819785389596 rms
(15, 9)
[-0.74277959 -0.51387565  0.28178054  0.99805255  0.19831582 -0.69413294
  0.84821712  0.05040217] evals
0.0346201780957217 rms
(15, 9)
[-0.9489703   0.44878596  0.28532308  0.15522708 -0.0568142  -0.880782
  0.87683771  0.14937818] evals
0.03895234247231477 rms
(15, 9)
[-0.60785503 -0.7782464   0.28718187  0.99949353  0.02692978 -0.17772171
  0.86879436  0.05860451] evals
0.03454442857721188 rms
(15, 9)
[-0.70244479  0.45027197  0.28367754 -0.22011677  0.20996403 -0.63871836
  0.82481364 -0.03329466] evals
0.038948137790262564 rms
(15, 9)
[-0.76023493  0.07830608  0.27988226 -0.31648892  0.17249334 -0.15682141
  0.86351152 -0.01749562] evals
0.03894833801192244 rms
(15, 9)
[-0.57472843  0.42697195  0.28821671  0.99835992  0.33528026 -0.70176604
  0.84848291  0.08659701] evals
0.03454459660161994 rms
(15, 9)
[-0.80541104  0.23332317  0.28033744  0.67971978 -0.09774688 -0.07756672
  0.89417828 -0.03519967] evals
0.03474862485922995 rms
(15, 9)
[-0.50842556  0.42235312  0.29191001  0.95756428  0.56927617 -0.46913716
  0.88561582  0.15868033] evals
0.034549725092546474 rms
(15, 9)
[-0.66395437  0.95696972  0.28825672  0.99499739  0.41268194 -0.49752458
  0.81806582  0.09029848] evals
0.03454494884044755 rms
(15, 9)
[-0.73619685  0.99603584  0.28485353  0.99861981  0.50622925  0.10454577
  0.87228173  0.03344022] evals
0.034544423648284715 rms
(15, 9)
[ 0.58077413 -0.31143685  0.28156201  0.98320279  0.20952077 -0.52366516
  0.80768867  0.09230477] evals
0.03454581846487951 rms
(15, 9)
[-0.57672346  0.43544988  0.28596679  0.99804549  0.49298009 -0.39584676
  0.89336573 -0.02015668] evals
0.03454452087478405 rms
(15, 9)
[-0.8011621  -0.01324204  0.31949596 -0.42381656  0.55668952 -0.42628699
  0.81595889  0.13319089] evals
0.03894577619646419 rms
(15, 9)
[-0.83308773 -0.91954912  0.26778984  0.86799299  0.08000427 -0.21514297
  0.83105542  0.20154308] evals
0.03455760964703826 rms
(15, 9)
[-0.89962431  0.5686099   0.28550639  0.99989318 -0.01410849 -0.02323213
  0.87545796 -0.01472482] evals
0.034544321303956106 rms
(15, 9)
[-0.78482818  0.99427032  0.28410446  0.99890087  0.2270949  -0.60004778
  0.83209794  0.11575855] evals
0.03454437418882398 rms
(15, 9)
[-0.76128173  0.98526536  0.27993968  0.18464608  0.04148722 -0.44423224
  0.79565573  0.05160333] evals
0.038963293062484076 rms
(15, 9)
[ 0.4172211   0.62082252  0.28945105  0.99979237  0.24583726 -0.23458069
  0.82738781  0.07733914] evals
0.03454451895197308 rms
differential_evolution step 12: f(x)= 0.0345443
[-0.74561988  0.9552946   0.28318067  0.99982842  0.22838902 -0.39366867
  0.86220006  0.02498016] iters
12/20 ||||||||||||||||||||||||||||||____________________ 60.0% GA is running...(15, 9)
[-0.74561988 -0.89587588  0.28858188 -0.33096576  0.2175406  -0.34041423
  0.85991035 -0.02936048] evals
0.038947779168262246 rms
(15, 9)
[-0.64365818 -0.84902025  0.28445851  0.9996657   0.23980437 -0.48089233
  0.85387353  0.03814724] evals
0.03454431055556259 rms
(15, 9)
[-0.62546898  0.9077775   0.28786562  0.99919318  0.6119056  -0.42099573
  0.86424947  0.01881808] evals
0.034544492359076924 rms
(15, 9)
[-0.54300053  0.86590671  0.28659461  0.99973684  0.22627638 -0.41342634
  0.8572162   0.02778417] evals
0.03454437831328015 rms
(15, 9)
[-0.72546767 -0.57869015  0.28425991  0.99874012  0.23769173 -0.50065001
  0.84888967  0.08278092] evals
0.034544393941193165 rms
(15, 9)
[-0.55425554 -0.19606229  0.28383889  0.99994527  0.21576885 -0.29062902
  0.86755254  0.01349322] evals
0.034544267825899685 rms
(15, 9)
[-0.78409852 -0.6917968   0.29266298  0.60482147  0.17535721 -0.56637545
  0.86816879  0.133601  ] evals
0.035096997883689446 rms
(15, 9)
[-0.59990911 -0.50465774  0.29207373 -0.12475085  0.45916488 -0.88055712
  0.82039354  0.02381083] evals
0.038947644855978486 rms
(15, 9)
[-0.74894922  0.97149442  0.28305379  0.70998333  0.13545044 -0.52621803
  0.86342666  0.12142573] evals
0.03471410454946999 rms
(15, 9)
[-0.77771723  0.72159129  0.2770723   0.98880352  0.19919132 -0.35863603
  0.87271937  0.06206385] evals
0.03462080323879961 rms
(15, 9)
[-0.71389338  0.77126108  0.28447324 -0.19961105  0.29083365  0.19254976
  0.85680642  0.16093593] evals
0.038948095940962525 rms
(15, 9)
[-0.7815334   0.69039525  0.27677286  0.99081862  0.21290071 -0.4457657
  0.86807243  0.06704664] evals
0.034620585810850535 rms
(15, 9)
[-0.7736634  -0.15775574  0.28209168  0.99743986  0.16721631 -0.31145512
  0.87093222  0.01819509] evals
0.03454446813500469 rms
(15, 9)
[-7.38784248e-01  5.98282045e-01  2.93998354e-01  5.19829505e-04
  2.03700926e-01 -1.48083727e-01  8.38427188e-01  3.09205736e-02] evals
0.038947575755284396 rms
(15, 9)
[-0.73501033 -0.51387565  0.28345224  0.99795904  0.41286805 -0.49181066
  0.76378948  0.05946503] evals
0.0345444472944173 rms
(15, 9)
[-0.77539627 -0.4136988   0.28532308  0.99938276  0.23651358 -0.880782
  0.79382029  0.04764148] evals
0.03454436491214576 rms
(15, 9)
[-0.74852023  0.67516547  0.28718187  0.99990376  0.02692978 -0.40321944
  0.86054557  0.02806228] evals
0.034544387220192665 rms
(15, 9)
[-0.83308773  0.80664175  0.28192273  0.99718314  0.22259819 -0.43976446
  0.82481364  0.10781944] evals
0.03454448924533743 rms
(15, 9)
[-0.74894922  0.97149442  0.24966227  0.47353377  0.13545044 -0.52621803
  0.85278682  0.39700596] evals
0.0354378498288081 rms
(15, 9)
[-0.77249592  0.87796832  0.28797018  0.99835992  0.29584676 -0.28628536
  0.78681616  0.04455936] evals
0.03454458325454532 rms
(15, 9)
[-0.55270718 -0.06750748  0.28412395  0.99949128  0.20515898 -0.27492259
  0.86043978  0.02834853] evals
0.0345443181848305 rms
(15, 9)
[-0.76106956  0.92509488  0.29191001  0.99959934  0.1831628  -0.48046133
  0.81561631  0.03684026] evals
0.034544709209605645 rms
(15, 9)
[-0.71251416  0.97142115  0.28350165 -0.78497767  0.2904658  -0.39067591
  0.86848827  0.01078851] evals
0.03894790922532584 rms
(15, 9)
[-0.7429335   0.68214434  0.28344975  0.99861981  0.24540221 -0.39116996
  0.86543748  0.03344022] evals
0.03454438445306633 rms
(15, 9)
[-0.76268397 -0.18980664  0.28156201  0.98320279  0.16370948 -0.52366516
  0.86810478  0.09230477] evals
0.03454581846487951 rms
(15, 9)
[-0.75207442  0.43544988  0.28460996  0.99975514  0.17871618 -0.47190252
  0.86002932  0.0510252 ] evals
0.03454430626796998 rms
(15, 9)
[-0.75354083  0.86942455  0.28984811  0.99995349  0.55668952 -0.3549075
  0.85789315  0.02861168] evals
0.034544526558554604 rms
(15, 9)
[-0.90780577  0.77583183  0.28359887  0.99894461  0.26240504 -0.49667245
  0.86108479  0.02803992] evals
0.03454435714317203 rms
(15, 9)
[-0.89962431  0.82569836  0.28388865  0.99853539  0.31411814 -0.41968461
  0.85076106 -0.01472482] evals
0.03454440341117536 rms
(15, 9)
[-0.77595231  0.31485788  0.28307316  0.99968946  0.47161865 -0.17251125
  0.86299696  0.02579206] evals
0.0345442755874173 rms
(15, 9)
[-0.74586678 -0.11696078  0.28313522  0.99990081  0.44999323 -0.39617313
  0.79565573  0.02261142] evals
0.03454425696462221 rms
(15, 9)
[-0.71238505  0.62082252  0.28354373  0.99979237  0.45660253 -0.35651003
  0.79443352  0.01241332] evals
0.03454427557583139 rms
differential_evolution step 13: f(x)= 0.0345443
[-0.74586678 -0.11696078  0.28313522  0.99990081  0.44999323 -0.39617313
  0.79565573  0.02261142] iters
13/20 ||||||||||||||||||||||||||||||||__________________ 65.0% GA is running...(15, 9)
[-0.77525829 -0.11696078  0.28305165  0.99977383  0.47738533 -0.45963544
  0.7728453   0.06693998] evals
0.034544267274128945 rms
(15, 9)
[-0.66444804 -0.65236249  0.28211922  0.99894418  0.23980437 -0.62793395
  0.74042405  0.03814724] evals
0.03462011082548484 rms
(15, 9)
[-0.82067812 -0.13327547  0.28327773  0.51665646  0.26134762 -0.35367966
  0.86424947  0.01881808] evals
0.03592934032622887 rms
(15, 9)
[-0.54300053 -0.08663076  0.28659461  0.99932086  0.3455327  -0.41331607
  0.83077458  0.03301141] evals
0.034544419857140504 rms
(15, 9)
[-0.72408993 -0.07322949  0.28291358  0.99950151  0.4150201  -0.35656281
  0.77566802  0.08278092] evals
0.03454429018955622 rms
(15, 9)
[-0.55425554 -0.0936518   0.28508387 -0.60632658  0.39425929 -0.49221334
  0.8099004   0.01879352] evals
0.03894788452850904 rms
(15, 9)
[-0.60981454  0.95808023  0.28414039 -0.16503851  0.46875982 -0.56637545
  0.79046613  0.02763335] evals
0.038948131761393834 rms
(15, 9)
[-0.59990911 -0.19362901  0.28310794  0.23586371  0.54604409 -0.88055712
  0.76268975  0.01488244] evals
0.03896956880128024 rms
(15, 9)
[-0.80284365  0.19573367  0.28316663  0.99967352  0.38613157 -0.56858651
  0.80099498  0.12142573] evals
0.034544278900488785 rms
(15, 9)
[-0.70107559  0.72159129  0.28114069  0.99268508  0.46844754 -0.36800421
  0.78650404  0.02202065] evals
0.0345448951337263 rms
(15, 9)
[-0.68713208  0.19994946  0.29958145  0.99639827  0.42796541 -0.33410031
  0.81712113  0.16093593] evals
0.03454589994912183 rms
(15, 9)
[-0.74443225  0.02090931  0.2811562   0.99986354  0.39916402 -0.39144927
  0.79647405  0.08497145] evals
0.03461994728859328 rms
(15, 9)
[-0.70891093 -0.15775574  0.28230619  0.99743986  0.4303046  -0.3680262
  0.87093222  0.06207069] evals
0.03454447185771767 rms
(15, 9)
[-0.79260882 -0.62422059  0.27942672  0.99940415  0.27222702 -0.25201937
  0.8310855   0.05621484] evals
0.034619885428565034 rms
(15, 9)
[-0.75651558  0.39175137  0.28326732  0.99795904  0.35768475 -0.41452583
  0.76378948 -0.00597706] evals
0.034544442867737134 rms
(15, 9)
[-0.70996456  0.31796779  0.28266485  0.99938276  0.23651358 -0.42414254
  0.75389722  0.02450355] evals
0.03454429686561617 rms
(15, 9)
[-0.74182019 -0.21945358  0.28407869 -0.5745278   0.31322852 -0.40321944
  0.80276476  0.00145981] evals
0.03894796188350773 rms
(15, 9)
[-0.74455437 -0.50874961  0.28192273  0.99989935  0.65924211 -0.39268799
  0.76356096  0.0199154 ] evals
0.03461999730153963 rms
(15, 9)
[-0.68500513 -0.00190994  0.2834734   0.99954935  0.73932462 -0.40496535
  0.7974877   0.0180392 ] evals
0.03454429699183789 rms
(15, 9)
[-0.6408628  -0.6397094   0.28689445  0.98452388  0.34924586 -0.9269361
  0.78681616 -0.00924497] evals
0.034545970734606433 rms
(15, 9)
[-0.72930658  0.2479498   0.28333727  0.99984718  0.45326222 -0.3765556
  0.79505122  0.02834853] evals
0.034544266016345034 rms
(15, 9)
[-0.74443225  0.92509488  0.2811562   0.99986354  0.54963578 -0.39144927
  0.79647405  0.02108699] evals
0.03461994728859328 rms
(15, 9)
[-0.7511143  -0.42621517  0.28162769  0.99975135  0.44257086 -0.42177513
  0.79964989  0.02380586] evals
0.03461999141493527 rms
(15, 9)
[-0.7429335  -0.4903485   0.28344975  0.99717377  0.51763477 -0.41148597
  0.77534899  0.05076998] evals
0.034544522099035295 rms
(15, 9)
[-0.84117683  0.20368005  0.2789121   0.98320279  0.41653669 -0.03388884
  0.80457525  0.00267234] evals
0.03462150973906197 rms
(15, 9)
[-0.75207442  0.43544988  0.28460996  0.99967111  0.34278848 -0.47190252
  0.86002932  0.02070968] evals
0.03454431436519176 rms
(15, 9)
[-0.80142888  0.86942455  0.28342608  0.16611346  0.55668952 -0.44393346
  0.81469343 -0.00655788] evals
0.03895629111262459 rms
(15, 9)
[-0.6999284  -0.0565033   0.28288703  0.999757    0.37599157 -0.49667245
  0.86108479 -0.02532668] evals
0.03454426583014783 rms
(15, 9)
[-0.82405134 -0.18833977  0.28043769  0.99641298 -0.01410849 -0.02323213
  0.76068122 -0.01472482] evals
0.03462025071504948 rms
(15, 9)
[-0.77891326 -0.07137139  0.28307316  0.99968946  0.61731469 -0.47182237
  0.86299696  0.07494885] evals
0.0345442755874173 rms
(15, 9)
[-0.84195087  0.31395197  0.28478867  0.99988028  0.35659267 -0.4518608
  0.79219006  0.02981734] evals
0.03454429945189902 rms
(15, 9)
[-0.71238505  0.1046982   0.27859144 -0.77516094  0.45660253 -0.20630223
  0.79443352 -0.03765842] evals
0.03894822534087409 rms
differential_evolution step 14: f(x)= 0.0345443
[-0.74586678 -0.11696078  0.28313522  0.99990081  0.44999323 -0.39617313
  0.79565573  0.02261142] iters
14/20 |||||||||||||||||||||||||||||||||||_______________ 70.0% GA is running...     fun: 0.03454425696462221
 message: 'Optimization terminated successfully.'
    nfev: 480
     nit: 14
 success: True
       x: array([-0.74586678, -0.11696078,  0.28313522,  0.99990081,  0.44999323,
       -0.39617313,  0.79565573,  0.02261142])

       Objective: 0.03454425696462221
Design variables: [-0.7458667768938303, -0.11696078382209929, 0.2831352157227254, 0.9999008102433171, 0.4499932304307779, -0.3961731263307704, 0.7956557346725373, 0.022611419887081485]
            Time: 5027.2206403
             RMS: [0.04272923 0.05108206 0.06599704 0.07320887 0.14277384 0.0228608 ]
1_LPC_core   : [-0.74586678 -0.11696078  0.28313522  0.99990081  0.44999323 -0.39617313]
2_LPC_bypass : [0.79565573 0.02261142]
3_HPC        : []
4_HPT        : []
5_LPT        : []

Process finished with exit code 0
